201 25
2.288028 0.976606 -0.368711 -0.088251 0.063420 0.029505 0.025131 -0.001352 -0.011599 -0.006391 -0.000841 0.004627 0.006986 0.005744 0.008568 0.004560 0.000400 -0.001745 0.000091 -0.002273 0.000405 -0.001428 -0.000248 0.001341 -0.000142 
2.506642 0.842321 -0.373397 -0.015529 0.055311 0.008318 0.000890 -0.001072 -0.005045 0.005457 0.002917 0.002632 0.000527 -0.000132 0.000298 -0.000065 -0.000024 0.000522 -0.000433 0.000267 -0.000822 -0.000070 -0.000114 0.000389 -0.000414 
1.262265 1.265555 -0.280952 -0.138182 0.073766 0.023286 -0.000990 -0.011974 -0.000592 0.005979 0.001733 -0.000734 0.001188 -0.000615 -0.000765 -0.001804 -0.000592 0.000469 0.000609 0.000559 -0.000994 0.000310 -0.000288 -0.000702 -0.000339 
2.353860 0.942057 -0.355419 -0.091641 0.066039 0.030693 0.024937 -0.003093 -0.010780 -0.006419 -0.001037 0.003945 0.007363 0.006345 0.007728 0.003907 -0.000110 -0.001894 0.000296 -0.002568 0.000499 -0.001393 -0.000796 0.001506 0.000065 
2.538875 0.836454 -0.374249 -0.016986 0.054062 0.011497 0.001106 -0.002792 -0.003718 0.004430 0.001846 0.002074 0.000509 -0.001035 0.000540 -0.000460 -0.000332 -0.000802 -0.000317 -0.000506 -0.000324 -0.000267 -0.000016 0.000633 0.000268 
1.285909 1.272939 -0.289873 -0.140048 0.075547 0.024204 -0.000528 -0.012066 -0.000909 0.005590 0.001521 -0.000778 0.001899 0.000038 -0.000811 -0.001888 -0.000486 0.000909 0.000122 0.000765 -0.000599 -0.000596 -0.000991 0.000043 -0.001058 
2.380490 0.910554 -0.338200 -0.092050 0.069490 0.028835 0.022222 -0.002871 -0.009980 -0.006185 -0.000275 0.003152 0.006786 0.006549 0.007723 0.004310 -0.000811 -0.001339 0.000766 -0.002601 0.000595 -0.001372 -0.000380 0.000376 0.000559 
2.614173 0.755342 -0.324121 -0.023417 0.059912 0.006909 -0.001849 -0.001550 -0.003194 0.005292 0.004029 0.001296 -0.000321 0.000676 0.000078 0.000445 -0.001013 0.000982 0.000339 -0.000211 -0.000680 0.000489 0.000766 -0.000876 -0.000106 
1.426018 1.158396 -0.236250 -0.141770 0.078611 0.020761 -0.001368 -0.011647 -0.000257 0.005892 0.001938 0.000663 -0.000542 0.000030 -0.001965 -0.001570 0.000089 -0.001762 0.000120 -0.000468 -0.002253 0.001864 0.000458 0.000056 0.000168 
0.471669 0.845304 0.125259 -0.012575 -0.055001 -0.023132 -0.015045 0.023263 0.012584 0.004520 0.004525 -0.010937 -0.016449 -0.019451 -0.004085 -0.002276 -0.012005 -0.003921 -0.001404 -0.000250 -0.001187 0.001226 -0.003623 -0.001925 0.000957 
0.242568 0.993242 0.080250 -0.045152 -0.009784 -0.005891 -0.009792 0.003435 0.001404 0.001208 0.000216 -0.001502 -0.004998 -0.005187 0.001232 0.001066 -0.001083 0.000229 0.000251 -0.000404 0.000044 0.000788 0.000235 -0.000714 -0.000529 
-0.379101 0.885540 0.219565 -0.044518 -0.031344 0.016093 0.047373 0.020436 -0.022824 -0.029720 -0.007916 0.007572 0.008992 0.009346 0.017849 0.010719 0.006339 -0.007119 -0.005905 0.001478 -0.004565 -0.000941 -0.003889 0.000033 -0.000081 
2.013217 1.070683 -0.323080 -0.165327 0.049032 0.033214 0.035972 0.007293 0.001224 -0.001759 0.000303 -0.001288 0.000973 -0.001025 0.004525 0.002375 -0.002277 0.000401 0.001519 -0.002158 0.000762 0.000697 -0.000142 -0.001044 0.001173 
2.126005 0.850201 -0.293235 -0.042211 0.062065 0.012862 0.004144 -0.002305 -0.003921 0.004167 0.003367 0.001553 0.000383 0.000689 0.000338 0.000406 -0.000525 0.000147 -0.000155 -0.000602 -0.001095 0.000220 0.000078 0.000082 -0.000286 
0.925535 1.212185 -0.183365 -0.172359 0.068926 0.026852 0.007356 -0.010378 0.006764 0.006959 0.001180 -0.001708 -0.000323 -0.000267 -0.002085 -0.001847 0.001416 0.000729 0.000270 0.000935 -0.001347 0.000907 0.000432 0.000494 -0.000076 
1.988470 1.061990 -0.317734 -0.160589 0.053613 0.030569 0.029172 0.011045 0.001847 -0.002540 -0.000291 -0.000457 -0.001242 -0.002641 0.005455 0.003111 0.000162 -0.002688 -0.001700 -0.001833 0.000075 -0.002474 -0.000539 0.003810 -0.001313 
2.074993 0.871919 -0.301151 -0.040291 0.060416 0.014074 0.004513 -0.002782 -0.004071 0.004107 0.002961 0.001995 0.000928 0.000678 0.000230 0.000240 -0.000927 0.000395 0.000578 -0.001043 -0.000666 0.000866 0.000607 -0.000573 0.000029 
0.852761 1.243659 -0.191549 -0.173835 0.069321 0.028417 0.006854 -0.010937 0.006650 0.007140 0.000278 -0.001117 -0.000298 -0.001011 -0.001489 -0.001756 0.001596 0.000745 0.000001 0.001037 -0.001281 0.000619 0.000487 0.000550 -0.000141 
-0.065532 1.074356 0.106589 -0.048033 -0.000524 -0.006758 -0.014061 -0.003470 -0.003300 0.001560 0.000853 0.001449 -0.001248 -0.000271 0.000379 0.000469 0.001555 -0.000643 -0.000736 0.000462 -0.001414 0.000726 0.000086 0.000546 0.000392 
0.468222 0.927254 0.047506 0.016647 -0.012013 -0.016534 -0.022905 -0.006398 -0.003962 0.004513 0.002158 0.002140 0.002385 0.003289 0.002166 0.001072 0.002688 0.000564 0.000084 0.001416 -0.000302 -0.000452 0.000377 0.000818 0.000978 
-0.065532 1.074356 0.106589 -0.048033 -0.000524 -0.006758 -0.014061 -0.003470 -0.003300 0.001560 0.000853 0.001449 -0.001248 -0.000271 0.000379 0.000469 0.001555 -0.000643 -0.000736 0.000462 -0.001414 0.000726 0.000086 0.000546 0.000392 
2.392174 0.896556 -0.325751 -0.101926 0.077060 0.028474 0.022802 -0.003350 -0.010713 -0.005675 0.000232 0.004511 0.006680 0.008259 0.006789 0.004519 -0.000787 -0.001001 0.001233 -0.003432 0.000117 -0.000275 -0.000230 0.000466 0.000694 
2.574763 0.788539 -0.340083 -0.027979 0.060761 0.008592 0.002946 -0.002340 -0.005064 0.005490 0.003751 0.003536 -0.000283 0.001165 -0.000017 0.000687 -0.000008 0.000242 -0.000007 -0.000552 -0.001634 0.000714 0.000939 0.000528 -0.000368 
1.372350 1.194994 -0.244828 -0.151754 0.079903 0.025167 0.002797 -0.013743 -0.000425 0.004524 0.002030 -0.001699 0.001194 0.000872 -0.000380 -0.001169 -0.000912 0.000090 0.000360 0.000642 -0.000941 0.000082 -0.000241 -0.000307 -0.001393 
0.790890 1.018061 0.020689 -0.030166 -0.002749 -0.010967 -0.019664 -0.001712 -0.007400 0.000335 0.001681 0.001715 -0.001776 -0.001176 0.002114 0.001889 -0.001238 -0.000859 0.000201 -0.001793 -0.000231 0.000815 0.000345 -0.000316 -0.000164 
1.305229 0.920508 -0.116233 -0.009294 0.027969 0.000258 -0.004952 -0.003747 -0.005566 0.000500 0.001012 -0.000935 -0.001143 -0.001578 -0.000051 -0.000661 -0.001010 0.000215 -0.000026 0.000784 0.000054 -0.000901 -0.001332 0.000166 -0.000965 
-0.130106 1.137876 0.069774 -0.060190 0.019328 0.002072 -0.007017 -0.000488 -0.004191 -0.002130 -0.001353 -0.000390 -0.002073 -0.002297 0.001154 0.000480 -0.003189 -0.000207 0.000800 -0.001443 0.000767 0.000290 -0.000559 -0.001788 -0.000500 
-0.012611 1.075441 0.104564 -0.052357 0.000841 -0.005582 -0.013500 -0.003715 -0.003411 0.000345 0.001372 -0.000145 -0.000056 0.000702 0.001084 0.000498 0.002637 -0.001209 -0.001414 0.001502 -0.001926 0.000176 -0.000652 0.000518 0.000532 
0.504565 0.905850 0.066849 0.011990 -0.011139 -0.020394 -0.027622 -0.002183 -0.002632 0.004621 0.001129 0.002939 0.000129 0.002081 0.001550 0.001370 0.000485 0.000750 0.001496 -0.000907 0.000959 0.000395 0.001432 0.000142 0.000889 
-0.937850 1.115005 0.170152 -0.053730 0.014372 0.006237 0.004504 0.001289 0.000293 0.000990 -0.000283 0.000078 -0.003195 -0.003044 -0.001236 -0.000371 0.001878 0.000952 -0.000256 0.000263 -0.001216 0.000833 0.000506 0.000772 0.000888 
0.752076 0.977340 0.029668 -0.010785 -0.006666 -0.012450 -0.019705 -0.003047 -0.007304 -0.000725 0.001325 0.001049 -0.000442 -0.000063 0.001019 0.000493 -0.000700 -0.001717 -0.000138 -0.000354 -0.001098 0.000339 -0.000847 0.000028 -0.000199 
1.262571 0.893863 -0.104768 -0.008309 0.029771 0.002519 -0.007664 -0.002835 -0.004326 0.001237 0.002040 -0.000458 -0.001261 -0.001990 -0.001786 -0.001377 -0.000299 -0.000508 -0.001030 0.001143 -0.001499 -0.000025 -0.000957 -0.000286 -0.000249 
1.262571 0.893863 -0.104768 -0.008309 0.029771 0.002519 -0.007664 -0.002835 -0.004326 0.001237 0.002040 -0.000458 -0.001261 -0.001990 -0.001786 -0.001377 -0.000299 -0.000508 -0.001030 0.001143 -0.001499 -0.000025 -0.000957 -0.000286 -0.000249 
1.397897 1.526492 -0.112332 -0.300563 -0.053177 -0.003717 -0.008509 0.013603 0.018936 0.008257 -0.001340 -0.003848 -0.010264 -0.011676 0.002304 0.001378 -0.001205 -0.000855 0.000328 -0.001234 0.000161 0.000081 -0.000437 0.000823 0.000761 
4.049104 0.220618 -0.446250 0.086166 0.065760 0.020424 0.018242 0.003055 -0.003746 -0.001492 0.002720 0.002442 0.000584 0.000368 0.000476 0.001224 0.002377 -0.000887 -0.000752 -0.000852 -0.000775 0.001465 0.001343 0.001530 0.001149 
3.522058 0.661150 -0.556047 -0.106857 0.086644 0.040344 0.048345 0.013229 0.010664 0.005675 0.002395 -0.002470 -0.003339 -0.004629 -0.001018 -0.000296 0.001136 0.003976 0.000442 0.000969 -0.000268 0.000161 0.001137 0.000269 0.000243 
0.468259 0.851542 0.121709 -0.011044 -0.056374 -0.022824 -0.015776 0.022989 0.013422 0.004034 0.003841 -0.011865 -0.016156 -0.019720 -0.003803 -0.002539 -0.012048 -0.003721 -0.001381 0.000159 -0.000698 0.000577 -0.004026 -0.001811 0.000658 
0.171690 1.051718 0.047068 -0.036916 -0.012992 -0.005919 -0.011040 0.003790 0.001206 0.002026 0.000189 -0.001934 -0.004654 -0.006378 0.001236 0.000560 -0.002080 0.000947 0.000670 -0.000601 0.000934 0.000167 -0.000091 -0.000919 -0.000442 
-0.411391 0.897970 0.216735 -0.045607 -0.028013 0.016520 0.047465 0.017010 -0.023041 -0.027740 -0.007106 0.008388 0.009144 0.010037 0.016347 0.010241 0.004635 -0.005890 -0.004104 0.000537 -0.004392 0.000359 -0.003001 -0.001387 0.000146 
2.159566 0.937288 -0.262444 -0.102669 0.004619 0.002122 0.013581 0.030120 0.009096 0.004183 0.005311 -0.006527 -0.012017 -0.014798 -0.000868 -0.000010 -0.005015 -0.002528 -0.000662 -0.003973 0.001017 -0.000926 -0.000817 0.003047 0.000345 
1.672213 1.249894 -0.260427 -0.205374 0.034310 0.020141 0.022703 0.006101 0.003026 0.002228 0.000349 -0.000380 -0.001488 -0.001529 0.002700 0.001630 -0.000903 0.002103 0.002059 -0.000359 -0.000371 0.001682 0.000692 -0.002488 0.001073 
1.430070 0.786160 -0.065929 0.011447 -0.000011 -0.003684 -0.000610 0.006515 -0.006293 -0.003622 0.000696 -0.000310 -0.001807 -0.002584 0.003332 0.002170 -0.002097 0.000059 -0.000325 -0.000148 0.000097 -0.000005 -0.000739 -0.000807 -0.000781 
2.010572 1.095895 -0.352583 -0.157606 0.053354 0.033281 0.033586 0.008304 0.000841 -0.002042 -0.000601 -0.000922 0.000714 -0.001979 0.005108 0.002185 -0.001243 -0.000838 -0.000098 -0.001415 0.000752 -0.001308 -0.000626 0.000509 0.000106 
2.071085 0.902631 -0.327084 -0.031820 0.060251 0.012937 0.003587 -0.002314 -0.005239 0.003679 0.002064 0.002276 0.001493 0.000500 0.001462 0.000257 0.000713 0.000077 -0.000526 0.000225 -0.000786 -0.000317 -0.000053 0.000410 -0.000239 
0.778575 1.335260 -0.241802 -0.169141 0.064913 0.029108 0.008203 -0.010774 0.005970 0.007324 -0.000281 -0.000900 0.000777 -0.001395 -0.001326 -0.002289 0.001150 0.002305 0.000878 0.002073 -0.001157 0.000432 -0.000039 -0.000476 -0.000148 
2.517178 0.651623 -0.340678 -0.004260 0.064978 0.015671 0.016911 0.002804 -0.001882 0.003289 0.003397 0.000816 0.000974 0.001247 0.000990 0.000920 -0.001709 0.000748 0.000355 -0.001043 0.000211 -0.000648 -0.000280 0.000465 0.000220 
1.336118 0.996884 -0.216952 -0.074447 0.038994 0.006391 0.001097 0.004623 0.008567 0.011656 0.004238 -0.002595 -0.004813 -0.005790 -0.003655 -0.002373 0.000148 0.002603 0.000069 0.001963 -0.001086 0.001187 0.000699 -0.000143 -0.000250 
2.576447 0.855459 -0.440601 -0.100472 0.098775 0.040191 0.038911 0.002633 -0.004155 -0.001466 0.001646 0.001426 0.002991 0.002337 0.004390 0.002549 0.000449 0.000023 -0.000431 -0.000796 -0.000715 -0.000677 0.000158 0.000951 -0.000099 
3.821985 0.070259 -0.263614 0.108725 -0.018251 0.006758 0.008970 0.015617 0.018181 0.003641 0.005235 -0.011709 -0.010681 -0.016241 -0.007271 -0.004408 -0.004090 -0.000725 -0.001538 0.001456 -0.000569 0.000580 -0.002258 -0.000495 0.001760 
3.846019 0.040702 -0.246935 0.106908 -0.016589 0.004969 0.008701 0.015839 0.019075 0.003211 0.005131 -0.013206 -0.010780 -0.016054 -0.007106 -0.004499 -0.004502 -0.000463 -0.001752 0.002145 -0.000112 -0.000098 -0.002755 -0.001057 0.001630 
5.778818 -0.750090 -0.222181 0.156949 0.012543 0.031620 0.038849 0.010083 0.014228 -0.014263 0.002485 -0.008720 -0.005110 -0.003269 -0.001449 0.003151 0.002190 0.000670 -0.001445 0.001066 -0.000984 0.002928 0.001332 -0.000552 0.001197 
5.813414 -0.782089 -0.202545 0.156031 0.007607 0.032884 0.041545 0.010015 0.013653 -0.014931 -0.000796 -0.009212 -0.003672 -0.003511 -0.000468 0.002640 0.002848 0.000914 -0.003226 0.001331 -0.000398 0.000622 -0.000575 0.001778 0.000171 
-2.446662 -0.688232 0.101940 0.089601 -0.028727 0.008556 0.026044 0.018889 0.000834 -0.016841 -0.001820 -0.008624 -0.006140 -0.009877 0.001028 0.000529 -0.000008 -0.001202 -0.001099 0.001266 0.000368 0.000265 -0.000789 -0.000848 0.000255 
1.868381 -0.866460 0.033392 0.035522 0.112361 0.032479 0.004616 -0.029939 -0.009127 -0.018183 0.002441 -0.004306 0.003584 0.014886 -0.003018 0.003512 0.004785 0.001254 -0.000668 -0.004344 0.003574 -0.001800 0.002977 0.001577 -0.002367 
1.281499 -0.517825 -0.141512 0.153664 -0.044091 0.013772 0.026360 -0.001741 -0.002770 -0.018749 -0.011720 0.003509 0.009069 0.006432 0.004538 0.001573 0.019395 0.009621 0.001000 0.008495 0.000095 -0.000195 -0.000160 0.001902 0.001078 
-1.203537 -1.298333 -0.390221 0.199244 0.046114 0.030031 0.062193 0.029484 0.009938 -0.005380 0.001742 -0.010496 -0.006919 -0.013365 -0.004994 -0.003850 0.002128 0.004082 0.000775 0.001332 0.005733 -0.002816 0.003672 0.002021 0.003839 
-3.465858 -0.775010 -0.437706 -0.153840 0.008411 -0.005079 -0.030940 -0.023762 -0.005925 0.008007 0.000499 0.009763 0.009772 0.010971 0.005771 0.002854 -0.000377 -0.002617 0.000186 -0.001386 -0.001563 -0.000688 -0.001537 -0.000561 -0.000919 
-1.562717 -1.005781 -0.365587 0.017375 0.080951 0.055533 0.038209 -0.029238 -0.001053 -0.006076 -0.000655 0.000530 0.015079 0.012634 0.005308 0.002012 0.000267 -0.002235 0.001341 -0.001821 0.001882 -0.001654 -0.000026 -0.002005 0.001022 
0.250553 -2.233558 -0.203197 -0.002191 0.116505 -0.033158 0.009884 -0.022753 -0.011179 -0.016617 0.006515 -0.006757 -0.018166 0.014690 -0.011578 0.002009 0.000124 -0.003210 0.004694 0.001811 -0.000694 0.001505 0.005469 0.003247 0.001717 
-1.327599 -1.942380 -0.100997 -0.245500 0.001200 -0.058611 -0.011409 -0.005301 0.033055 0.008687 0.001968 -0.001571 -0.019017 0.017394 -0.004713 0.007116 0.004544 -0.002516 0.004751 0.002531 -0.001319 0.002026 0.003141 0.001427 -0.000727 
-2.580128 -1.876991 -0.017405 -0.169580 0.009480 -0.064832 -0.038935 -0.027998 -0.014957 -0.011623 0.002882 0.002244 -0.010227 0.020835 -0.000912 0.007531 -0.001476 -0.005621 0.003084 -0.001094 -0.001287 0.000903 0.000930 -0.000112 -0.002320 
7.245489 -3.785527 1.428011 -0.164967 0.119006 -0.175449 0.077179 -0.020542 0.031672 -0.031115 -0.000599 -0.013615 -0.035209 0.041459 -0.006718 0.016559 0.000467 -0.002568 0.008925 0.008187 0.003495 -0.005898 -0.006365 -0.000154 -0.005303 
0.480443 -2.085507 -0.062536 -0.129234 0.026160 -0.022795 0.013173 0.000407 0.001749 -0.013096 0.003678 -0.005129 -0.016335 0.007434 -0.003631 0.006869 -0.001522 -0.003227 -0.001881 -0.000796 -0.003614 0.004100 -0.000267 -0.001307 -0.003447 
4.430250 -1.268739 -0.097224 0.193190 0.091792 0.011274 0.007822 0.008589 0.003783 -0.003599 0.008364 -0.006604 -0.009909 -0.001161 -0.008710 0.002006 -0.002452 -0.000422 -0.003990 -0.006758 0.003299 0.001058 0.005288 0.000170 -0.000066 
1.420248 -0.774333 0.158567 -0.044037 0.016466 -0.006751 0.022412 0.010230 0.020312 -0.002749 0.001260 -0.008949 -0.016872 -0.000704 -0.007198 0.002764 0.001753 0.002135 -0.001114 0.002309 -0.001893 0.004052 0.001744 0.000178 -0.000871 
4.992673 -1.699430 0.088869 0.313246 -0.115742 0.077066 0.032984 -0.004900 0.044402 -0.062273 -0.020597 -0.040212 0.000715 -0.016856 0.010686 0.000468 -0.000456 -0.011619 0.007201 -0.001111 0.010844 -0.006353 -0.001245 0.001735 0.004342 
1.609531 -0.495795 -0.228167 0.171312 -0.014647 0.000643 0.020011 0.011768 -0.008073 -0.013948 -0.006079 0.005890 0.003372 0.003671 0.003107 0.002297 0.016169 0.005423 -0.000393 0.004033 0.000455 -0.000917 0.002216 0.002342 0.000954 
2.059099 -0.813255 -0.059140 0.061636 0.086947 0.044433 0.020747 -0.027726 -0.011392 -0.019678 0.001486 -0.003576 0.006907 0.011712 -0.001572 0.002693 0.003582 0.002616 0.000530 -0.004114 0.002785 -0.000248 0.002774 -0.000491 -0.000436 
-2.136097 -0.774433 0.018809 0.141405 -0.030317 0.008013 0.023243 0.021048 -0.002338 -0.017434 -0.000600 -0.008468 -0.005455 -0.011478 0.001388 0.000330 -0.000969 -0.001573 -0.001143 0.000268 0.001211 -0.000699 -0.001017 -0.000247 0.000243 
-2.881715 -0.542915 -0.382249 -0.079009 0.019475 0.011792 0.007517 0.006111 0.016090 0.012150 0.002116 -0.002867 -0.004418 -0.008019 -0.003951 -0.003322 0.000091 0.002189 -0.000042 0.002575 -0.000391 -0.000190 0.000317 -0.000017 0.001035 
-2.507535 -0.184875 -0.372059 -0.123451 0.045326 0.024639 0.018473 0.002565 0.001399 0.001663 0.000405 0.001853 0.002877 0.000085 0.005116 0.002007 -0.001538 -0.002686 -0.001236 -0.001045 -0.001252 -0.000856 -0.002814 -0.001243 -0.001808 
-1.978462 -1.125900 -0.279736 0.005110 0.026851 0.036389 0.032923 -0.000640 -0.020461 -0.029060 -0.002043 -0.007422 0.000537 -0.006052 0.002816 0.000614 -0.000913 -0.001583 -0.000587 -0.000619 -0.000009 -0.000067 -0.001685 -0.001791 -0.001692 
0.087474 1.227651 0.008860 -0.099243 0.022129 0.014966 0.008591 -0.004901 -0.005595 -0.002297 0.000779 -0.001331 -0.001260 -0.002843 0.000154 -0.000438 -0.000322 -0.000873 -0.001092 0.001614 -0.002607 0.000743 -0.000502 -0.001614 -0.000381 
-0.405892 1.231756 0.053274 -0.081420 0.023753 0.018459 0.014623 -0.005354 -0.005777 -0.006045 -0.003380 -0.001494 0.001042 -0.001457 0.002308 -0.000172 -0.000241 0.001072 0.000974 0.000820 0.000295 -0.000270 -0.001677 -0.000727 -0.000234 
-1.122464 1.182694 0.146356 -0.060192 0.015769 0.014983 0.010533 0.006521 0.001820 -0.005537 -0.001056 -0.007311 -0.000454 -0.004427 0.001793 -0.000801 0.000326 0.001383 -0.000170 0.001591 0.001617 -0.002057 -0.001650 -0.000545 0.000357 
-0.685464 1.282405 0.102902 -0.123026 -0.024563 -0.008456 -0.005307 0.024532 0.019873 0.011110 0.000392 -0.004924 -0.016475 -0.017965 -0.006101 -0.002806 0.001257 0.004294 0.000819 0.000959 -0.000044 0.001462 0.002205 0.000156 0.000328 
-0.020175 1.151525 0.015030 -0.068755 0.016975 0.001595 0.007514 0.006439 -0.002782 0.001450 0.002661 -0.000360 -0.002654 -0.002168 0.000199 0.000655 -0.002313 0.002463 0.002086 0.000683 -0.001225 0.001853 0.001488 -0.002805 0.001117 
0.113573 1.246440 0.030164 -0.145603 -0.003122 0.005152 0.014775 0.024240 0.007336 -0.003643 -0.000235 -0.007347 -0.013414 -0.015221 -0.001869 -0.000902 -0.008210 -0.001989 0.001107 -0.001681 0.000332 0.000220 0.000620 -0.001633 -0.001671 
-2.300653 1.303802 0.494645 0.007742 -0.038823 -0.032322 -0.035875 -0.004298 -0.009747 -0.001630 -0.002387 0.003091 -0.003459 -0.001041 -0.001223 -0.000217 -0.000643 0.000958 0.001690 -0.000593 -0.000015 0.000913 0.000478 -0.001509 0.000394 
-2.472422 1.265021 0.447966 0.041167 -0.015351 -0.021919 -0.026372 -0.003183 -0.014049 -0.003138 0.000436 0.002271 -0.001835 -0.001244 -0.001798 -0.001009 0.001208 -0.000724 -0.000511 0.000286 -0.002234 0.001329 -0.000831 -0.000328 0.000464 
-3.452402 1.055365 0.549258 0.125061 -0.001882 -0.011718 -0.011873 -0.000506 -0.009781 -0.004952 -0.000498 -0.002519 -0.002352 -0.003708 -0.002917 -0.002507 0.000824 0.000741 -0.000372 0.001327 0.000152 -0.000225 -0.001112 0.000119 0.000565 
-4.265364 0.217591 0.267983 0.071331 0.060584 0.023508 0.037964 0.014998 0.020189 0.007106 -0.000378 -0.004123 -0.001408 -0.001323 -0.001388 -0.001111 -0.001109 0.002805 0.000576 0.001876 0.001941 -0.000491 0.000997 -0.003254 0.001270 
-2.605301 1.053456 0.305916 -0.039182 -0.001303 0.010921 0.019306 0.021569 0.002285 -0.006149 -0.000088 -0.004436 -0.004533 -0.007399 0.003000 0.001979 -0.004581 -0.002566 0.000452 -0.004446 0.003457 -0.001343 0.002466 -0.000633 0.001627 
-1.314068 1.028390 0.156108 -0.033964 0.019735 0.006435 0.001461 -0.005574 -0.008999 -0.005759 -0.000839 0.002286 0.001639 0.001930 0.002551 0.000920 0.002053 -0.006119 -0.001379 -0.003770 0.000354 -0.004018 -0.000389 0.000964 -0.001057 
-1.113262 1.145067 0.173953 -0.102215 -0.006189 -0.001220 -0.002946 -0.004146 0.002124 -0.001018 -0.002523 -0.001320 -0.006407 -0.004509 -0.000184 0.000261 0.003519 0.001773 0.000328 0.003229 -0.002774 0.000116 -0.000767 0.002549 -0.000776 
0.750674 0.601516 -0.024684 0.121667 0.045139 -0.004521 -0.003053 0.003747 -0.010277 0.000771 0.005292 -0.000502 -0.003369 -0.002737 -0.001678 -0.000234 0.001359 0.000378 -0.002442 0.001341 -0.000540 -0.000707 0.000103 0.001624 -0.001805 
0.750674 0.601516 -0.024684 0.121667 0.045139 -0.004521 -0.003053 0.003747 -0.010277 0.000771 0.005292 -0.000502 -0.003369 -0.002737 -0.001678 -0.000234 0.001359 0.000378 -0.002442 0.001341 -0.000540 -0.000707 0.000103 0.001624 -0.001805 
-1.208848 0.687778 0.095540 0.076941 0.071318 0.013739 0.019529 0.007762 -0.000905 0.002336 0.003327 -0.001260 -0.002783 -0.002751 -0.002754 -0.001465 0.000401 -0.000265 -0.000229 -0.000715 0.000450 0.000030 0.001711 0.000042 0.000433 
-0.067890 0.768174 0.099568 0.079878 0.046668 -0.007212 -0.014407 -0.000451 -0.010987 0.000396 0.004179 0.002523 -0.003178 -0.000636 -0.001771 0.000425 0.003094 -0.000468 -0.001783 0.000123 -0.002605 0.000037 0.000566 0.001738 -0.000602 
-1.139326 0.952504 0.168879 0.073579 0.034568 -0.004743 -0.014615 -0.005550 -0.010881 0.000561 0.001782 0.001978 0.000334 0.000083 -0.000738 -0.001003 0.002769 -0.001912 -0.001854 0.000240 -0.001063 -0.000267 0.000136 0.002154 -0.000042 
-1.941170 0.726301 0.199388 0.088598 0.063369 0.014510 0.012521 0.000149 0.000954 0.001851 0.003078 -0.005633 -0.000891 -0.002636 -0.002271 -0.002341 -0.001195 -0.000315 -0.000039 -0.000794 0.002925 -0.002033 0.000953 0.000572 0.000681 
-0.749593 1.373446 0.187100 -0.097176 -0.035345 -0.010301 -0.019584 -0.003438 -0.001820 0.000191 -0.002624 0.002345 -0.000019 -0.000523 0.001953 0.000446 0.004667 0.000203 -0.000939 0.002713 -0.001957 -0.000207 -0.000200 0.000653 -0.000234 
-1.092459 1.324111 0.234687 -0.063559 -0.029578 -0.019431 -0.027765 -0.000747 -0.001189 0.005074 -0.000393 0.001894 -0.004195 -0.003795 -0.000020 0.000311 -0.000464 0.000154 0.000823 -0.001920 0.001221 -0.000255 0.001613 0.000246 0.000454 
-1.899715 1.184193 0.355256 -0.024449 -0.018730 -0.013143 -0.022024 -0.002937 -0.000212 0.000745 -0.001317 0.000692 0.000381 0.001108 0.000839 0.000339 0.002919 0.000515 0.000135 0.000633 0.000175 -0.000729 0.000212 0.001141 0.000284 
-2.108183 1.315800 0.465852 0.003376 -0.039391 -0.022203 -0.038699 -0.017740 -0.007595 0.000232 -0.000981 -0.000212 0.000245 0.000109 -0.001629 -0.001557 -0.001304 0.000717 0.001711 -0.000309 0.000499 0.000205 -0.000631 -0.001340 0.000987 
-2.365362 1.237048 0.485172 0.036623 -0.031461 -0.020812 -0.034301 -0.006113 -0.008014 -0.003867 -0.001578 -0.000728 -0.001443 -0.002061 0.000861 0.000162 -0.000066 -0.000586 0.000570 -0.001429 0.002035 -0.001532 0.000907 0.001861 -0.000422 
-3.161903 1.093374 0.523662 0.105872 -0.011135 -0.017340 -0.017849 -0.007661 -0.009282 0.001358 0.002921 -0.000280 -0.000294 -0.000234 -0.002138 -0.001334 0.000684 0.000017 0.000360 -0.000474 0.000204 -0.000069 0.000822 0.000802 0.001164 
-1.414701 1.434120 0.370454 -0.048307 -0.052034 -0.026364 -0.045984 -0.009261 -0.008987 -0.001708 -0.001649 0.002050 -0.000438 -0.000598 0.002283 0.000999 0.002311 -0.000859 -0.000182 -0.000236 -0.000533 -0.000204 -0.000020 0.001324 -0.000352 
-1.688759 1.377948 0.418541 -0.020520 -0.050587 -0.030380 -0.044281 -0.008697 -0.008527 -0.001340 -0.002941 0.001936 -0.000874 -0.000195 0.000650 0.000096 -0.000887 0.002352 0.002302 -0.000054 0.000808 0.000368 -0.000464 -0.001488 0.000325 
-2.397014 1.247335 0.479182 0.049996 -0.029950 -0.021059 -0.034143 -0.015299 -0.009444 -0.000269 -0.000181 0.000545 0.000130 -0.000078 -0.001014 -0.001213 0.001524 -0.000645 0.000354 0.000528 -0.000253 -0.000277 0.000335 -0.000059 0.000478 
-2.200205 1.355131 0.443892 0.020100 -0.044516 -0.032753 -0.043365 -0.000661 -0.010689 -0.002463 -0.002541 0.003298 -0.000897 -0.000243 0.001237 0.000572 0.001733 0.001365 0.000780 -0.000029 0.000818 -0.000291 0.001688 -0.001029 -0.000509 
-2.449007 1.270184 0.475101 0.036566 -0.027747 -0.022834 -0.033455 -0.004020 -0.011123 -0.002470 -0.001490 0.003780 -0.000716 0.000205 -0.001165 -0.000225 0.001373 0.001493 0.000769 -0.000027 -0.000974 0.001338 0.000396 -0.000835 0.000642 
-3.152355 1.074121 0.533477 0.102984 -0.007217 -0.016365 -0.021954 -0.003573 -0.007597 -0.001459 0.000281 -0.000089 0.000254 0.000291 -0.001891 -0.001363 0.001873 0.000885 -0.000332 0.000882 0.000182 -0.000593 -0.000209 0.000483 0.000829 
-0.767957 1.375590 0.186499 -0.102247 -0.023238 -0.009315 -0.020697 -0.007569 -0.001069 0.002910 -0.002912 0.003741 -0.002989 -0.002348 0.000566 0.000770 0.000018 0.002294 0.001930 0.000156 -0.000602 0.001535 0.001828 -0.002082 -0.000507 
-1.023793 1.288926 0.251770 -0.076470 -0.025889 -0.015494 -0.024720 -0.000436 0.000484 0.002195 -0.000817 0.000372 -0.003911 -0.003389 0.001974 0.001564 0.000809 0.001063 0.000987 -0.000010 0.000489 -0.000327 0.001406 -0.000517 0.000376 
-1.023793 1.288926 0.251770 -0.076470 -0.025889 -0.015494 -0.024720 -0.000436 0.000484 0.002195 -0.000817 0.000372 -0.003911 -0.003389 0.001974 0.001564 0.000809 0.001063 0.000987 -0.000010 0.000489 -0.000327 0.001406 -0.000517 0.000376 
-2.079019 1.312713 0.467743 0.008639 -0.046717 -0.027598 -0.036577 -0.010239 -0.009495 -0.000684 -0.000643 0.001071 -0.000734 -0.000231 0.001036 0.000300 0.002407 0.000557 -0.000451 0.001558 -0.000644 -0.001021 -0.000396 0.000089 0.000366 
-2.480463 1.307670 0.466006 0.048903 -0.041687 -0.029067 -0.031936 -0.006181 -0.012150 0.000072 0.000277 0.002757 -0.001474 -0.000841 0.000820 0.000621 0.001842 0.001255 0.000817 0.000344 -0.000102 0.000368 0.001452 0.000297 0.000339 
-3.065644 1.050276 0.545241 0.098822 -0.010579 -0.019495 -0.019255 -0.002760 -0.007494 -0.000205 0.001814 -0.000424 -0.001463 -0.000763 -0.001167 -0.000689 0.004891 -0.000947 -0.002289 0.002270 -0.001411 -0.001056 0.000388 0.001256 0.000731 
-1.497721 1.499152 0.352642 -0.037899 -0.059496 -0.035015 -0.046731 -0.010362 -0.009904 0.002225 -0.000457 0.001266 0.000191 0.000306 0.001244 0.000219 -0.001257 0.004282 0.002635 0.000833 0.001257 0.000263 0.000227 -0.002662 -0.000043 
-1.685336 1.406665 0.407061 -0.022382 -0.048437 -0.035120 -0.041732 -0.007981 -0.012137 0.002189 0.001174 0.002993 -0.002337 -0.000581 0.002270 0.001974 0.001722 0.001153 0.000484 -0.000584 0.000086 0.000024 0.002092 -0.000324 0.000029 
-2.417681 1.268637 0.490781 0.040582 -0.037402 -0.028001 -0.029744 -0.007570 -0.011489 0.000203 0.000782 0.002745 -0.001275 0.000052 0.000014 0.000408 0.003511 0.000359 -0.000396 0.000924 -0.001183 0.000382 0.000810 0.000631 0.000852 
4.192580 -2.892334 0.781746 -0.165384 0.094917 -0.058684 0.020175 0.008326 -0.002337 0.022162 -0.002934 0.000410 -0.014728 0.011949 0.009970 -0.017042 0.000855 -0.002610 0.001674 -0.003823 -0.007322 -0.004294 -0.002031 -0.006512 0.009813 
2.124135 -2.432321 0.306098 -0.099223 -0.032135 0.010684 -0.024059 -0.004482 -0.019150 -0.014028 0.002549 0.001237 -0.008385 0.007023 0.000419 0.004604 -0.001519 0.007456 -0.017917 -0.010528 -0.003939 0.002532 0.000834 0.000034 0.003747 
0.617323 -1.120022 -0.458287 0.105526 -0.013244 -0.014403 -0.042419 -0.023994 -0.012796 0.000245 0.003324 0.001441 0.004196 0.001871 -0.003770 -0.001598 -0.002634 0.009819 0.002645 0.001418 0.001085 -0.003852 -0.000111 0.001626 -0.000244 
-0.592996 -1.506799 -0.261950 -0.096825 -0.039848 -0.037028 -0.052548 -0.007442 -0.036732 -0.009712 0.003105 0.002323 -0.005786 -0.004610 -0.006521 -0.000338 0.000100 0.005379 -0.007978 0.000002 -0.001076 0.003214 0.000734 0.002374 -0.000141 
0.650218 -1.637048 -0.190722 -0.052732 -0.018411 -0.028755 -0.024557 -0.016927 -0.018782 -0.012306 0.000851 -0.006078 -0.005501 0.005843 -0.004770 0.004344 -0.002480 0.008722 -0.005846 0.001315 0.007698 -0.002621 -0.003865 -0.000771 -0.000192 
1.564169 -1.817753 -0.034120 0.028120 -0.117157 0.007586 0.014917 -0.009245 0.001355 -0.032601 -0.019973 -0.019067 0.007224 -0.001924 0.011696 0.006196 0.002273 -0.003403 -0.002900 0.004025 0.012093 0.013822 -0.000566 -0.000977 -0.002660 
4.289848 -2.794268 0.808846 -0.188705 0.119472 -0.150527 0.045731 -0.016695 0.019154 -0.020254 0.015310 0.030168 0.050194 -0.049736 0.002833 0.000670 -0.002247 0.007700 -0.001180 -0.000552 0.000082 -0.000271 0.000772 0.002634 -0.005183 
3.068697 -2.371758 0.450586 -0.154573 0.093059 -0.057834 -0.003679 -0.003025 -0.030617 0.032099 -0.002131 0.001590 -0.009021 0.013269 0.007508 -0.016003 -0.000128 0.006196 -0.005421 0.000588 0.003703 -0.004141 -0.005194 -0.003930 0.005941 
-0.011439 -1.632406 -0.137772 -0.111296 -0.015164 -0.043668 -0.039367 -0.019356 -0.015818 -0.025046 0.000909 -0.004587 -0.013455 0.004867 -0.003434 0.003299 -0.001650 -0.008294 0.003841 -0.001754 -0.001839 0.001453 0.003295 0.003784 0.001288 
2.445775 -1.626317 -0.277287 0.217886 -0.105685 0.010312 0.003712 0.022174 0.000560 -0.022877 0.008412 -0.003103 -0.006686 -0.012609 -0.001819 0.005048 -0.001982 0.008275 0.001513 -0.000814 -0.009479 -0.006120 0.000652 -0.000732 -0.001710 
1.335535 -1.550324 -0.271074 0.086941 -0.107259 0.014709 -0.016578 0.001578 -0.008314 -0.028850 0.001340 -0.005851 -0.002051 -0.010668 -0.001717 0.002461 -0.002622 0.009347 -0.002829 -0.000678 -0.000063 -0.009626 -0.003342 0.004207 0.000259 
-1.924519 -0.901788 -0.417657 -0.016895 -0.030464 -0.025687 -0.038736 -0.011387 -0.028499 -0.011186 0.000782 0.005604 -0.000392 -0.002129 0.000541 -0.000176 0.000417 -0.002505 -0.000079 0.000192 -0.002336 0.000996 0.000257 0.003085 0.001588 
6.018725 -3.158683 1.083462 -0.202439 0.249823 -0.193514 0.065874 -0.020376 0.035596 -0.017335 0.023632 0.032753 0.035079 -0.037198 -0.004758 0.003210 0.003039 -0.007226 0.002841 0.000518 0.000022 0.001019 0.000997 -0.001442 0.004546 
5.344918 -2.848612 0.725965 0.006582 0.017855 0.014901 0.015872 0.041989 -0.054404 0.078976 -0.041399 -0.021918 0.000593 -0.001181 0.032294 -0.045026 0.000261 -0.001171 0.007726 0.002480 0.001001 0.001277 0.002182 0.004000 -0.005984 
3.823363 -2.543600 0.554038 -0.074133 0.065764 -0.023491 0.012867 0.007577 -0.011573 0.017163 -0.003954 -0.005313 -0.013777 0.015231 0.000492 -0.002937 -0.002165 0.009443 -0.015952 -0.010030 -0.005485 0.003189 0.003249 0.002386 -0.001235 
3.811109 -2.199700 0.019422 0.236165 -0.168718 0.034362 0.021262 0.014729 0.018543 -0.039899 -0.012280 -0.017930 0.001344 -0.009031 0.011193 0.003933 0.001460 0.003214 0.011548 -0.007999 -0.020552 -0.007716 0.006100 -0.002191 -0.001519 
2.004340 -1.328853 -0.508177 0.170835 -0.019124 -0.033029 -0.021592 0.012224 -0.009434 -0.011340 0.005778 -0.007242 -0.011801 -0.012222 -0.003813 -0.003217 -0.000682 -0.007038 0.005543 0.003209 -0.002129 0.009468 0.004701 0.000115 0.000742 
2.004340 -1.328853 -0.508177 0.170835 -0.019124 -0.033029 -0.021592 0.012224 -0.009434 -0.011340 0.005778 -0.007242 -0.011801 -0.012222 -0.003813 -0.003217 -0.000682 -0.007038 0.005543 0.003209 -0.002129 0.009468 0.004701 0.000115 0.000742 
5.872011 -3.777530 1.299103 -0.135700 -0.106507 0.355202 -0.113519 0.052709 -0.033562 -0.005882 0.089181 0.073643 -0.020186 -0.003610 0.002068 -0.002148 0.000732 -0.002169 0.004286 0.004495 0.003935 -0.000155 -0.000511 0.000215 -0.000899 
4.433888 -2.979601 0.798730 -0.109848 0.002636 0.129521 -0.051313 0.061478 -0.119922 0.138130 -0.061496 -0.031097 0.026788 -0.015127 -0.024705 0.034419 0.001834 -0.003318 0.003904 0.001463 -0.001092 -0.001928 -0.001202 -0.000841 0.001409 
0.112045 -1.255301 -0.177067 -0.032927 -0.062200 0.010335 0.001414 -0.007870 -0.013262 -0.017069 -0.007203 -0.004672 0.003528 -0.003768 0.003207 0.000565 -0.000188 0.006668 -0.003816 0.001281 0.004924 0.001414 -0.002755 -0.001954 0.002192 
0.340040 -1.727783 0.047205 -0.132003 -0.064499 -0.033839 -0.027063 0.002469 -0.023712 -0.004456 -0.014370 -0.005839 -0.000303 -0.004951 0.008219 -0.001822 -0.000838 -0.002741 -0.007107 -0.003841 0.002782 0.003219 -0.001651 0.002468 -0.000792 
0.374066 -2.001166 0.064343 -0.146417 -0.008816 -0.009733 0.005152 0.014258 -0.015118 0.006660 -0.010232 -0.008663 -0.002840 -0.003983 0.003253 -0.003558 0.004389 0.000047 -0.007393 -0.001829 -0.000010 0.008136 0.003121 0.000710 -0.000032 
-0.860854 -1.335190 -0.340939 -0.098356 -0.094288 -0.000679 -0.015454 0.030060 0.035784 0.007746 0.003505 -0.001069 -0.008290 -0.009417 0.000387 0.005093 -0.000416 0.003929 -0.001991 -0.001815 -0.000289 -0.003011 0.000299 0.000830 -0.001370 
-3.067519 -1.639664 -0.458379 0.007857 0.003758 0.000582 -0.023685 -0.025639 -0.023395 -0.014952 0.003908 -0.000488 0.001999 0.000782 -0.002729 -0.001102 -0.003141 0.001209 0.006019 -0.000148 -0.000800 0.002747 0.004256 0.000948 0.002831 
-4.188881 -1.282119 -0.484154 -0.059719 0.041688 0.008932 -0.012986 -0.030430 -0.037762 -0.022866 -0.001409 -0.005184 0.002587 -0.002695 -0.001438 -0.004042 -0.001249 0.001775 0.003016 0.000545 0.003519 -0.002435 0.001039 0.001849 0.002611 
-4.220464 -1.522290 -0.631728 -0.110666 0.018918 0.007687 -0.000474 -0.015422 -0.020465 -0.014826 -0.003460 -0.004240 0.001091 -0.003578 -0.004273 -0.005633 0.001580 0.002807 0.002762 0.000804 0.003834 -0.003541 -0.001403 0.000399 0.002385 
0.116515 -1.448858 -0.042150 0.029361 -0.119015 -0.001027 -0.027986 -0.001012 -0.012059 -0.025737 -0.006766 -0.003869 0.000179 -0.006772 0.003694 0.003403 0.002016 0.001611 -0.005351 -0.001094 0.002590 0.001360 -0.001353 0.000965 0.001914 
0.312223 -1.559107 -0.293688 0.118898 -0.117698 0.032877 -0.016601 0.001366 -0.003325 -0.037746 0.003291 -0.003158 0.005126 -0.006656 0.005335 0.005269 0.001077 -0.002171 0.002726 0.000752 -0.002864 0.006138 0.000836 -0.003178 0.001443 
0.116515 -1.448858 -0.042150 0.029361 -0.119015 -0.001027 -0.027986 -0.001012 -0.012059 -0.025737 -0.006766 -0.003869 0.000179 -0.006772 0.003694 0.003403 0.002016 0.001611 -0.005351 -0.001094 0.002590 0.001360 -0.001353 0.000965 0.001914 
1.718783 1.165181 -0.216307 -0.138492 0.006238 0.018991 0.019931 0.000914 -0.002902 -0.004473 -0.001827 -0.000878 0.003088 0.000263 0.004286 0.001249 0.000709 0.004180 0.002287 0.000847 0.000086 -0.000848 -0.001422 -0.001603 -0.000519 
0.775886 1.133155 0.011680 -0.086667 -0.018272 0.004579 -0.010073 -0.000262 0.006628 -0.001432 -0.002696 -0.003858 -0.002401 -0.004869 -0.000249 -0.000669 0.001587 0.004701 0.002985 0.000545 0.001872 -0.000189 0.000442 -0.002627 0.001363 
0.058183 1.321428 0.136964 -0.092823 -0.044361 -0.025001 -0.037414 -0.002618 -0.003241 0.003231 -0.000621 0.003311 -0.002715 -0.001651 0.002405 0.001793 0.001833 0.000476 0.000740 -0.000496 -0.000519 0.000607 0.001209 0.000961 -0.000494 
3.056003 0.857117 -0.361751 -0.136298 0.077275 0.060316 0.008268 -0.045044 0.008792 0.000012 -0.004049 -0.002632 0.016795 0.013366 -0.003317 -0.003822 -0.000929 0.011929 0.009019 0.003282 0.000580 0.005353 -0.001519 -0.008167 0.002405 
0.285696 1.355699 0.252687 -0.068344 -0.127753 -0.048556 -0.023206 0.011227 -0.031979 -0.013377 0.002315 0.008503 0.006677 0.008156 0.018946 0.012295 -0.007373 -0.008966 0.000982 -0.011366 0.005020 -0.003974 0.000722 -0.003935 0.001264 
0.073630 1.522049 -0.142459 -0.075239 0.139256 -0.000637 -0.095285 -0.044052 0.002309 0.021477 0.007294 -0.007113 -0.000510 -0.002424 -0.010563 -0.009668 -0.002949 -0.004685 -0.002092 -0.001628 0.002819 -0.006569 0.000020 0.003349 -0.002744 
4.230655 0.210450 -0.152454 -0.101978 0.017493 -0.001094 0.024148 0.014114 0.012157 -0.002203 0.004133 -0.004540 -0.011891 0.000045 -0.002835 0.004313 -0.001350 0.002107 0.000603 0.000896 0.000064 0.004518 0.000818 -0.002087 -0.000348 
1.504492 1.456957 -0.113337 -0.211677 -0.037445 -0.007657 -0.022320 -0.001230 0.004237 0.004321 -0.002627 0.002299 -0.002208 -0.002576 0.003503 0.001952 0.000905 0.002477 0.001076 0.000403 -0.000339 -0.000814 -0.000319 0.000278 -0.000899 
2.670316 0.557476 -0.025735 -0.025960 -0.018580 0.009611 -0.004477 -0.008331 -0.001899 -0.010416 -0.005378 0.004318 0.007582 0.010112 0.008026 0.006293 0.009293 0.005692 0.002801 -0.000112 0.002442 0.000361 0.004345 0.001283 -0.000545 
-2.043162 1.038404 0.349476 0.064304 -0.022814 -0.020522 -0.022970 0.000558 -0.006188 -0.000100 -0.000416 0.001001 -0.000145 -0.000447 -0.002034 -0.001709 0.002145 0.001902 0.000095 0.001837 -0.000302 -0.000102 -0.000433 -0.000044 0.000968 
-1.675903 1.022297 0.335885 0.064009 -0.020392 -0.010765 -0.022243 -0.003467 -0.003347 -0.002906 -0.000423 -0.003559 -0.000568 -0.003058 0.000541 -0.000679 0.000037 0.000578 0.000037 0.000513 0.002141 -0.002606 -0.000307 -0.000422 0.000085 
-3.090947 0.993980 0.490629 0.117932 0.000711 -0.013241 -0.015727 -0.002017 -0.006311 0.000699 0.000871 0.001054 -0.000532 -0.000154 -0.002466 -0.001282 0.002843 0.001362 -0.000738 0.001798 -0.000088 -0.000511 0.001781 0.002151 0.001547 
-5.303293 -0.130095 0.486587 0.229016 0.056169 0.026140 0.040141 0.023432 0.032993 0.011980 -0.007240 0.007729 0.008298 0.011835 0.013340 0.011077 -0.027841 0.010991 0.003331 0.003319 -0.001090 -0.000308 -0.008212 0.008235 0.001362 
-6.409720 -0.029985 0.435407 0.253436 0.092080 0.022216 0.053653 0.015667 0.014973 0.014115 0.007541 0.003738 -0.009160 -0.004736 -0.009024 -0.001785 0.017890 0.007637 0.015379 -0.028568 0.004407 0.007498 -0.010439 0.000563 -0.002220 
-6.250865 -0.059944 0.458454 0.238004 0.095921 0.014400 0.047732 0.018288 0.019997 0.014300 -0.000320 -0.001355 -0.008465 -0.005190 -0.007719 -0.004131 0.004116 -0.005025 -0.005915 0.000202 0.001658 -0.004381 0.000837 0.003456 -0.000217 
-4.508713 -0.361917 0.600254 0.206236 0.071738 0.024939 0.043816 0.026660 0.022742 0.013073 -0.002263 -0.003277 0.000331 0.002627 0.008386 0.007316 -0.009312 0.006456 -0.004720 -0.001576 0.010096 -0.007053 0.013665 -0.010652 -0.005593 
-4.439269 -0.387953 0.607949 0.192709 0.076765 0.015874 0.048413 0.021054 0.027664 0.020101 -0.004660 0.010123 0.004381 0.013851 0.012958 0.011665 -0.024503 0.006359 0.007610 0.001400 -0.002423 0.011042 0.004038 0.004739 0.003772 
5.330903 0.522636 -0.890704 -0.091632 0.114168 0.062227 0.064401 0.011885 0.009507 0.001725 0.001525 -0.005130 -0.001170 -0.007417 0.000261 -0.001489 -0.000560 0.001271 -0.000368 0.000582 0.000879 -0.000969 -0.000665 0.000022 0.000501 
0.809172 1.742397 -0.006154 -0.236981 -0.072943 -0.024685 -0.041957 -0.003648 0.000116 0.004530 -0.002890 0.002783 -0.001209 -0.001872 0.004205 0.001725 0.001099 0.002274 0.001916 0.000050 -0.000072 -0.000071 -0.000959 -0.000721 -0.000487 
-2.381892 1.428502 0.462495 0.035231 -0.037572 -0.030509 -0.039058 -0.006718 -0.012501 -0.000409 -0.000012 0.002106 -0.000954 -0.000543 -0.000298 -0.000542 0.001683 0.000959 0.000583 0.000831 -0.000370 0.000035 0.000368 0.000008 0.000355 
-4.711952 0.717467 0.545471 0.204634 0.036373 -0.001495 0.009185 0.009500 0.004140 0.006053 0.002664 -0.000918 -0.002470 -0.002599 -0.003849 -0.002365 0.003572 -0.000407 -0.001539 0.001631 -0.000108 -0.000431 0.001521 0.000911 0.001252 
-6.479203 -0.060236 0.431559 0.248333 0.080867 0.021793 0.043357 0.022603 0.023949 0.015222 0.004029 -0.001778 -0.002518 -0.003148 -0.004295 -0.002520 0.004571 -0.001969 -0.003064 0.001802 -0.000138 -0.000876 0.001522 0.001051 0.001310 
-7.828852 -0.773926 0.242728 0.217286 0.095035 0.032801 0.055586 0.027205 0.035403 0.021267 0.004444 -0.001047 -0.001328 -0.002424 -0.003077 -0.001915 0.004463 -0.003353 -0.003775 0.001532 -0.000486 -0.001113 0.000686 0.000467 0.000605 
-8.886193 -1.401228 0.031763 0.146973 0.088111 0.033580 0.050353 0.024039 0.036538 0.022552 0.004261 0.000252 0.000319 -0.001360 -0.001543 -0.001307 0.003578 -0.004110 -0.003657 0.001116 -0.000887 -0.001189 -0.000249 -0.000286 -0.000250 
-9.725497 -1.938836 -0.174265 0.060734 0.069316 0.027888 0.034525 0.015852 0.029975 0.020026 0.003753 0.001583 0.001967 -0.000412 -0.000248 -0.000946 0.002292 -0.004235 -0.002937 0.000711 -0.001211 -0.001169 -0.000969 -0.000936 -0.000966 
-10.406570 -2.400698 -0.367383 -0.030996 0.043777 0.018082 0.012179 0.004350 0.017633 0.014455 0.003056 0.002671 0.003376 0.000176 0.000542 -0.000943 0.000820 -0.003718 -0.001734 0.000395 -0.001372 -0.001108 -0.001268 -0.001289 -0.001339 
-10.958156 -2.789472 -0.538910 -0.118206 0.016859 0.006968 -0.011712 -0.007931 0.003370 0.007815 0.002326 0.003575 0.004586 0.000568 0.001053 -0.001104 -0.000637 -0.002964 -0.000408 0.000139 -0.001463 -0.001020 -0.001397 -0.001529 -0.001579 
-11.419546 -3.126103 -0.694548 -0.202096 -0.011279 -0.005339 -0.037173 -0.021154 -0.013194 -0.000171 0.001554 0.004183 0.005502 0.000615 0.001116 -0.001531 -0.002072 -0.001817 0.001138 -0.000016 -0.001403 -0.000934 -0.001152 -0.001474 -0.001489 
-11.808471 -3.417602 -0.834092 -0.280472 -0.039019 -0.017900 -0.062607 -0.034468 -0.030628 -0.008746 0.000787 0.004559 0.006175 0.000412 0.000863 -0.002127 -0.003430 -0.000443 0.002774 -0.000090 -0.001238 -0.000857 -0.000654 -0.001213 -0.001169 
-12.144645 -3.676048 -0.961889 -0.355063 -0.066747 -0.030866 -0.088419 -0.048138 -0.049352 -0.018156 0.000004 0.004659 0.006573 -0.000109 0.000213 -0.002944 -0.004730 0.001258 0.004572 -0.000065 -0.000922 -0.000798 0.000210 -0.000643 -0.000507 
2.348649 -0.139026 -0.298852 0.308130 0.065500 0.000050 -0.008931 -0.009913 -0.012475 0.002849 0.005723 0.002365 0.004394 0.002110 -0.001987 -0.002122 -0.001756 -0.001544 -0.001306 0.000558 -0.000533 0.000251 -0.001071 -0.000906 -0.000231 
2.719770 -0.316548 -0.250428 0.373760 0.018016 -0.030519 -0.049684 -0.018633 -0.014627 0.007670 0.006356 0.006837 0.006982 0.006483 -0.000966 -0.001144 -0.002052 -0.001988 -0.000877 0.000132 -0.000725 0.000659 -0.001425 -0.001426 -0.000623 
2.536734 -0.261101 -0.251736 0.367966 0.040445 -0.018753 -0.033943 -0.016416 -0.016259 0.004610 0.006344 0.005018 0.006150 0.004932 -0.001660 -0.001719 -0.002087 -0.001918 -0.001111 0.000319 -0.000703 0.000532 -0.001293 -0.001252 -0.000493 
2.895737 -0.298479 -0.241912 0.375655 0.005773 -0.037336 -0.059172 -0.020909 -0.015861 0.008130 0.006305 0.007737 0.007461 0.007306 -0.000620 -0.000887 -0.002176 -0.001973 -0.000687 0.000023 -0.000765 0.000751 -0.001530 -0.001555 -0.000730 
2.894411 -0.185450 -0.303563 0.312340 0.023556 -0.021917 -0.039048 -0.015158 -0.011547 0.007282 0.005638 0.005639 0.005974 0.004923 -0.000647 -0.001078 -0.001889 -0.001576 -0.000771 0.000189 -0.000593 0.000511 -0.001376 -0.001269 -0.000514 
2.898385 -0.164113 -0.311664 0.324373 0.045976 -0.012074 -0.026296 -0.014588 -0.015132 0.003747 0.005869 0.004110 0.005540 0.003812 -0.001418 -0.001706 -0.002149 -0.001605 -0.001006 0.000339 -0.000616 0.000447 -0.001323 -0.001184 -0.000449 
2.370681 -0.211392 -0.227904 0.354133 0.033675 -0.020940 -0.036477 -0.016198 -0.015406 0.005142 0.006088 0.005223 0.006015 0.004977 -0.001445 -0.001549 -0.001922 -0.001833 -0.001016 0.000303 -0.000694 0.000528 -0.001265 -0.001240 -0.000490 
2.747915 -0.186880 -0.283870 0.331039 0.035439 -0.017894 -0.033472 -0.015372 -0.014284 0.005198 0.005882 0.004931 0.005843 0.004533 -0.001197 -0.001472 -0.002017 -0.001674 -0.000940 0.000281 -0.000638 0.000496 -0.001331 -0.001235 -0.000488 
2.786730 -0.396908 -0.239884 0.358564 -0.029137 -0.052123 -0.077807 -0.020351 -0.007404 0.015272 0.006023 0.010246 0.008101 0.009065 0.000625 0.000168 -0.001575 -0.002004 -0.000405 -0.000204 -0.000690 0.000819 -0.001570 -0.001652 -0.000792 
1.358887 -0.751007 -0.491191 0.089894 -0.076741 -0.040208 -0.055636 0.012852 0.055676 0.046569 0.003221 0.011491 0.004360 0.006235 0.004690 0.003349 0.002888 -0.001195 -0.000444 -0.000223 0.000448 -0.000079 -0.000736 -0.000566 0.000161 
2.183288 -0.399129 -0.349995 0.180611 -0.067825 -0.050481 -0.073107 -0.004707 0.023583 0.030604 0.003910 0.011185 0.006022 0.007619 0.003301 0.002138 0.000682 -0.001259 -0.000064 -0.000298 -0.000114 0.000397 -0.001226 -0.001161 -0.000389 
1.119114 -0.974530 -0.551915 0.073707 -0.085930 -0.040596 -0.054583 0.018712 0.068818 0.054238 0.003220 0.012397 0.004227 0.006494 0.005341 0.003961 0.003715 -0.001325 -0.000597 -0.000256 0.000646 -0.000205 -0.000597 -0.000413 0.000327 
2.201348 0.108205 -0.295944 0.232667 0.067206 0.007470 0.000657 -0.006763 -0.010889 0.001304 0.004671 0.000982 0.003066 0.000328 -0.001661 -0.002049 -0.001473 -0.001008 -0.001106 0.000639 -0.000431 0.000098 -0.000968 -0.000725 -0.000124 
2.201348 0.108205 -0.295944 0.232667 0.067206 0.007470 0.000657 -0.006763 -0.010889 0.001304 0.004671 0.000982 0.003066 0.000328 -0.001661 -0.002049 -0.001473 -0.001008 -0.001106 0.000639 -0.000431 0.000098 -0.000968 -0.000725 -0.000124 
2.201348 0.108205 -0.295944 0.232667 0.067206 0.007470 0.000657 -0.006763 -0.010889 0.001304 0.004671 0.000982 0.003066 0.000328 -0.001661 -0.002049 -0.001473 -0.001008 -0.001106 0.000639 -0.000431 0.000098 -0.000968 -0.000725 -0.000124 
2.153658 -0.224114 -0.399365 0.091320 -0.065504 -0.040510 -0.060146 0.000950 0.029926 0.031404 0.002814 0.009811 0.004537 0.005600 0.003870 0.002380 0.001171 -0.000702 0.000083 -0.000220 0.000083 0.000179 -0.001102 -0.000912 -0.000214 
1.336335 -0.364191 -0.505394 -0.035507 -0.080810 -0.031362 -0.044776 0.017221 0.058807 0.044989 0.001487 0.009794 0.002485 0.003777 0.005519 0.003674 0.003285 -0.000309 -0.000016 -0.000163 0.000621 -0.000287 -0.000645 -0.000339 0.000281 
-0.340656 -1.357422 -0.822678 -0.175491 -0.105946 -0.016538 -0.016397 0.053366 0.129254 0.082314 0.000809 0.011912 0.000007 0.002411 0.008471 0.006414 0.007971 -0.000614 -0.000978 -0.000095 0.001786 -0.001203 0.000340 0.000803 0.001392 
1.704032 0.290566 0.083788 -0.190573 0.019062 -0.066257 -0.065323 0.205621 0.050688 -0.097180 -0.076593 0.024187 0.013594 0.050907 -0.033110 -0.019492 -0.005309 -0.013929 0.010730 0.006650 0.003933 0.000310 0.002330 0.001877 -0.005680 
2.359421 0.125851 -0.061312 0.062273 -0.385468 0.036981 0.302421 -0.153358 -0.000685 0.032092 -0.072674 0.072434 -0.014588 -0.003090 -0.017272 -0.010285 -0.005950 -0.009614 -0.003027 -0.000588 0.005392 -0.001488 0.001101 0.002836 -0.000024 
0.604630 0.701671 0.084357 -0.174095 -0.428111 -0.065739 0.235603 0.052539 -0.034800 0.029020 0.098336 -0.052115 0.044466 0.030721 -0.011113 -0.009167 -0.003089 0.003651 -0.001645 0.001945 0.003356 -0.008172 -0.001514 0.003245 -0.003676 
-8.005190 0.068269 0.515662 0.118364 0.147154 0.118110 0.185219 0.019665 -0.002594 -0.025374 -0.004552 -0.004728 0.007019 0.001610 0.006482 0.002667 0.005715 -0.002964 -0.005180 0.005768 -0.006453 0.002269 -0.003789 -0.002729 0.000030 
1.815567 -0.728987 0.717730 -0.118825 -0.018075 0.141092 -0.047260 -0.103249 0.062827 -0.020031 -0.008753 -0.026028 0.020341 0.006818 -0.003709 -0.004585 0.001334 0.001530 -0.001682 0.000864 -0.003125 0.001710 -0.001487 -0.000744 -0.000988 
1.430102 -0.134023 0.573581 -0.040913 -0.080038 0.065650 -0.045339 -0.052400 0.056870 -0.001946 -0.007875 -0.009879 0.015687 0.009577 0.002656 0.001124 0.006152 0.002475 0.000381 -0.000158 0.001015 -0.000464 0.003167 0.002840 0.003403 
0.349310 -0.337267 0.445765 0.069844 -0.235173 -0.028077 -0.038436 0.026760 0.033794 -0.012050 -0.004960 -0.018544 -0.016647 -0.027393 -0.001846 -0.001850 -0.000808 0.004541 -0.000895 0.004006 -0.001362 0.003458 -0.005512 -0.004597 -0.002654 
0.443065 -0.567947 0.610710 -0.097614 -0.000747 0.109497 -0.059316 -0.090524 0.054554 -0.009246 -0.003974 -0.023450 0.013544 0.001980 -0.007072 -0.006481 -0.001734 0.000063 -0.002258 0.000825 -0.004092 0.002184 -0.002943 -0.002155 -0.002709 
1.704032 0.290566 0.083788 -0.190573 0.019062 -0.066257 -0.065323 0.205621 0.050688 -0.097180 -0.076593 0.024187 0.013594 0.050907 -0.033110 -0.019492 -0.005309 -0.013929 0.010730 0.006650 0.003933 0.000310 0.002330 0.001877 -0.005680 
2.359421 0.125851 -0.061312 0.062273 -0.385468 0.036981 0.302421 -0.153358 -0.000685 0.032092 -0.072674 0.072434 -0.014588 -0.003090 -0.017272 -0.010285 -0.005950 -0.009614 -0.003027 -0.000588 0.005392 -0.001488 0.001101 0.002836 -0.000024 
0.604630 0.701671 0.084357 -0.174095 -0.428111 -0.065739 0.235603 0.052539 -0.034800 0.029020 0.098336 -0.052115 0.044466 0.030721 -0.011113 -0.009167 -0.003089 0.003651 -0.001645 0.001945 0.003356 -0.008172 -0.001514 0.003245 -0.003676 