201 5
-8.303655 6.593871 -3.861672 1.230434 -1.313525 
-8.085041 6.459586 -3.866359 1.303156 -1.321634 
-9.329418 6.882821 -3.773914 1.180503 -1.303179 
-8.237823 6.559322 -3.848380 1.227045 -1.310906 
-8.052808 6.453719 -3.867210 1.301700 -1.322883 
-9.305774 6.890204 -3.782835 1.178638 -1.301398 
-8.211193 6.527819 -3.831161 1.226635 -1.307455 
-7.977510 6.372607 -3.817082 1.295269 -1.317033 
-9.165665 6.775661 -3.729212 1.176915 -1.298334 
-10.120014 6.462569 -3.367702 1.306111 -1.431946 
-10.349115 6.610507 -3.412712 1.273534 -1.386729 
-10.970784 6.502805 -3.273396 1.274167 -1.408289 
-8.578466 6.687948 -3.816041 1.153358 -1.327913 
-8.465678 6.467466 -3.786196 1.276475 -1.314880 
-9.666149 6.829450 -3.676327 1.146327 -1.308019 
-8.603213 6.679256 -3.810696 1.158096 -1.323332 
-8.516690 6.489184 -3.794112 1.278395 -1.316529 
-9.738922 6.860924 -3.684510 1.144851 -1.307624 
-10.657215 6.691621 -3.386372 1.270652 -1.377469 
-10.123461 6.544519 -3.445455 1.335332 -1.388958 
-10.657215 6.691621 -3.386372 1.270652 -1.377469 
-8.199509 6.513822 -3.818712 1.216760 -1.299885 
-8.016920 6.405804 -3.833045 1.290707 -1.316184 
-9.219333 6.812260 -3.737790 1.166932 -1.297042 
-9.800793 6.635326 -3.472272 1.288520 -1.379694 
-9.286454 6.537773 -3.609194 1.309392 -1.348976 
-10.721789 6.755141 -3.423187 1.258495 -1.357617 
-10.604294 6.692706 -3.388397 1.266329 -1.376104 
-10.087118 6.523115 -3.426112 1.330675 -1.388084 
-11.529533 6.732271 -3.322809 1.264956 -1.362572 
-9.839607 6.594605 -3.463293 1.307901 -1.383610 
-9.329112 6.511128 -3.597730 1.310376 -1.347174 
-9.329112 6.511128 -3.597730 1.310376 -1.347174 
-9.193786 7.143757 -3.605294 1.018123 -1.430122 
-6.542579 5.837883 -3.939211 1.404851 -1.311185 
-7.069625 6.278415 -4.049008 1.211828 -1.290301 
-10.123424 6.468807 -3.371252 1.307641 -1.433319 
-10.419993 6.668983 -3.445894 1.281770 -1.389937 
-11.003074 6.515235 -3.276226 1.273079 -1.404958 
-8.432117 6.554553 -3.755406 1.216016 -1.372326 
-8.919470 6.867159 -3.753389 1.113312 -1.342635 
-9.161613 6.403425 -3.558891 1.330133 -1.376956 
-8.581111 6.713160 -3.845544 1.161079 -1.323591 
-8.520598 6.519896 -3.820046 1.286866 -1.316694 
-9.813108 6.952526 -3.734763 1.149545 -1.312032 
-8.074505 6.268889 -3.833640 1.314426 -1.311967 
-9.255565 6.614149 -3.709913 1.244239 -1.337951 
-8.015236 6.472724 -3.933562 1.218214 -1.278170 
-6.769698 5.687524 -3.756576 1.427411 -1.395196 
-6.745664 5.657967 -3.739896 1.425593 -1.393534 
-4.812865 4.867175 -3.715142 1.475635 -1.364402 
-4.778269 4.835176 -3.695506 1.474716 -1.369338 
-13.038345 4.929033 -3.391022 1.408287 -1.405672 
-8.723302 4.750805 -3.459569 1.354208 -1.264584 
-9.310184 5.099441 -3.634474 1.472349 -1.421036 
-11.795220 4.318932 -3.883183 1.517930 -1.330831 
-14.057541 4.842255 -3.930667 1.164846 -1.368534 
-12.154400 4.611484 -3.858549 1.336061 -1.295994 
-10.341130 3.383707 -3.696158 1.316495 -1.260440 
-11.919282 3.674885 -3.593958 1.073186 -1.375745 
-13.171811 3.740274 -3.510366 1.149105 -1.367465 
-3.346194 1.831739 -2.064951 1.153719 -1.257939 
-10.111240 3.531758 -3.555497 1.189452 -1.350785 
-6.161433 4.348526 -3.590185 1.511875 -1.285153 
-9.171435 4.842932 -3.334395 1.274648 -1.360478 
-5.599010 3.917836 -3.404093 1.631931 -1.492687 
-8.982152 5.121470 -3.721128 1.489998 -1.391592 
-8.532584 4.804010 -3.552102 1.380322 -1.289998 
-12.727780 4.842832 -3.474152 1.460091 -1.407262 
-13.473398 5.074350 -3.875211 1.239677 -1.357470 
-13.099218 5.432391 -3.865021 1.195234 -1.331619 
-12.570145 4.491365 -3.772697 1.323796 -1.350094 
-10.504209 6.844916 -3.484102 1.219443 -1.354816 
-10.997575 6.849021 -3.439687 1.237265 -1.353192 
-11.714147 6.799959 -3.346606 1.258493 -1.361176 
-11.277147 6.899670 -3.390059 1.195659 -1.401508 
-10.611858 6.768790 -3.477931 1.249930 -1.359970 
-10.478110 6.863705 -3.462797 1.173083 -1.380067 
-12.892336 6.921067 -2.998317 1.326427 -1.415768 
-13.064105 6.882286 -3.044995 1.359852 -1.392296 
-14.044085 6.672630 -2.943703 1.443747 -1.378827 
-14.857047 5.834856 -3.224979 1.390016 -1.316361 
-13.196984 6.670721 -3.187045 1.279503 -1.378248 
-11.905751 6.645655 -3.336853 1.284722 -1.357210 
-11.704945 6.762332 -3.319009 1.216471 -1.383134 
-9.841009 6.218781 -3.517646 1.440352 -1.331806 
-9.841009 6.218781 -3.517646 1.440352 -1.331806 
-11.800531 6.305044 -3.397421 1.395627 -1.305626 
-10.659573 6.385439 -3.393394 1.398563 -1.330277 
-11.731009 6.569769 -3.324082 1.392265 -1.342377 
-12.532853 6.343566 -3.293573 1.407283 -1.313576 
-11.341276 6.990711 -3.305861 1.221510 -1.412290 
-11.684142 6.941376 -3.258274 1.255127 -1.406523 
-12.491398 6.801458 -3.137705 1.294237 -1.395675 
-12.699866 6.933065 -3.027110 1.322061 -1.416336 
-12.957045 6.854314 -3.007790 1.355309 -1.408405 
-13.753586 6.710639 -2.969299 1.424557 -1.388080 
-12.006384 7.051386 -3.122508 1.270379 -1.428979 
-12.280442 6.995213 -3.074421 1.298166 -1.427532 
-12.988697 6.864600 -3.013780 1.368681 -1.406894 
-12.791888 6.972396 -3.049070 1.338786 -1.421461 
-13.040690 6.887449 -3.017860 1.355251 -1.404692 
-13.744038 6.691386 -2.959485 1.421670 -1.384162 
-11.359640 6.992855 -3.306463 1.216438 -1.400183 
-11.615476 6.906192 -3.241191 1.242216 -1.402834 
-11.615476 6.906192 -3.241191 1.242216 -1.402834 
-12.670702 6.929979 -3.025219 1.327325 -1.423662 
-13.072146 6.924935 -3.026956 1.367589 -1.418632 
-13.657327 6.667541 -2.947720 1.417508 -1.387523 
-12.089404 7.116417 -3.140320 1.280786 -1.436441 
-12.277019 7.023930 -3.085901 1.296303 -1.425382 
-13.009364 6.885902 -3.002181 1.359268 -1.414347 
-6.399103 2.724931 -2.711215 1.153302 -1.282028 
-8.467548 3.184944 -3.186863 1.219462 -1.409080 
-9.974360 4.497243 -3.951249 1.424211 -1.390189 
-11.184679 4.110467 -3.754912 1.221861 -1.416793 
-9.941465 3.980217 -3.683684 1.265953 -1.395356 
-9.027514 3.799513 -3.527081 1.346805 -1.494101 
-6.301835 2.822997 -2.684116 1.129981 -1.257473 
-7.522987 3.245507 -3.042375 1.164113 -1.283886 
-10.603122 3.984859 -3.630734 1.207389 -1.392108 
-8.145908 3.990948 -3.770248 1.536572 -1.482630 
-9.256148 4.066941 -3.764035 1.405627 -1.484204 
-12.516202 4.715477 -3.910619 1.301791 -1.407409 
-4.572958 2.458582 -2.409500 1.116247 -1.127121 
-5.246765 2.768654 -2.766997 1.325268 -1.359090 
-6.768320 3.073665 -2.938924 1.244553 -1.311181 
-6.780574 3.417565 -3.473540 1.554851 -1.545663 
-8.587343 4.288412 -4.001138 1.489520 -1.396069 
-8.587343 4.288412 -4.001138 1.489520 -1.396069 
-4.719672 1.839735 -2.193859 1.182985 -1.483452 
-6.157795 2.637664 -2.694231 1.208837 -1.374309 
-10.479639 4.361965 -3.670028 1.285759 -1.439145 
-10.251643 3.889482 -3.445756 1.186683 -1.441444 
-10.217617 3.616099 -3.428618 1.172269 -1.385761 
-11.452537 4.282075 -3.833900 1.220329 -1.471233 
-13.659202 3.977601 -3.951341 1.326543 -1.373186 
-14.780564 4.335146 -3.977115 1.258967 -1.335257 
-14.812147 4.094975 -4.124689 1.208020 -1.358027 
-10.475168 4.168408 -3.535111 1.348047 -1.495960 
-10.279460 4.058158 -3.786650 1.437584 -1.494643 
-10.475168 4.168408 -3.535111 1.348047 -1.495960 
-8.872900 6.782446 -3.709268 1.180194 -1.370707 
-9.815797 6.750420 -3.481281 1.232018 -1.395217 
-10.533500 6.938693 -3.355998 1.225862 -1.421306 
-7.535680 6.474382 -3.854712 1.182388 -1.299670 
-10.305987 6.972964 -3.240275 1.250342 -1.504698 
-10.518053 7.139315 -3.635421 1.243447 -1.237688 
-6.361028 5.827715 -3.645415 1.216707 -1.359452 
-9.087191 7.074222 -3.606299 1.107009 -1.414390 
-7.921367 6.174742 -3.518697 1.292725 -1.395524 
-12.634845 6.655670 -3.143486 1.382989 -1.399759 
-12.267586 6.639562 -3.157076 1.382695 -1.397337 
-13.682630 6.611245 -3.002332 1.436618 -1.376234 
-15.894976 5.487170 -3.006375 1.547701 -1.320776 
-17.001403 5.587280 -3.057554 1.572122 -1.284865 
-16.842548 5.557321 -3.034508 1.556690 -1.281024 
-15.100396 5.255348 -2.892708 1.524922 -1.305207 
-15.030952 5.229312 -2.885013 1.511395 -1.300180 
-5.260780 6.139901 -4.383665 1.227053 -1.262777 
-9.782511 7.359663 -3.499116 1.081704 -1.449888 
-12.973575 7.045767 -3.030467 1.353916 -1.414516 
-15.303635 6.334732 -2.947491 1.523320 -1.340572 
-17.070886 5.557029 -3.061403 1.567019 -1.296078 
-18.420535 4.843339 -3.250233 1.535971 -1.281910 
-19.477876 4.216037 -3.461198 1.465658 -1.288834 
-20.317180 3.678429 -3.667226 1.379419 -1.307629 
-20.998253 3.216567 -3.860344 1.287690 -1.333168 
-21.549839 2.827794 -4.031872 1.200480 -1.360086 
-22.011229 2.491162 -4.187510 1.116589 -1.388224 
-22.400154 2.199663 -4.327053 1.038214 -1.415964 
-22.736328 1.941217 -4.454851 0.963623 -1.443692 
-8.243034 5.478239 -3.791814 1.626816 -1.311445 
-7.871913 5.300717 -3.743389 1.692446 -1.358929 
-8.054949 5.356164 -3.744697 1.686651 -1.336499 
-7.695946 5.318786 -3.734874 1.694341 -1.371172 
-7.697272 5.431815 -3.796524 1.631026 -1.353389 
-7.693298 5.453152 -3.804625 1.643059 -1.330969 
-8.221002 5.405873 -3.720866 1.672818 -1.343270 
-7.843768 5.430385 -3.776831 1.649725 -1.341506 
-7.804954 5.220357 -3.732845 1.677250 -1.406082 
-9.232796 4.866258 -3.984152 1.408580 -1.453685 
-8.408395 5.218136 -3.842956 1.499297 -1.444770 
-9.472569 4.642736 -4.044876 1.392392 -1.462875 
-8.390335 5.725470 -3.788906 1.551353 -1.309739 
-8.390335 5.725470 -3.788906 1.551353 -1.309739 
-8.390335 5.725470 -3.788906 1.551353 -1.309739 
-8.438025 5.393151 -3.892327 1.410006 -1.442449 
-9.255348 5.253075 -3.998355 1.283179 -1.457754 
-10.932339 4.259843 -4.315640 1.143194 -1.482891 
-8.887651 5.907831 -3.409174 1.128113 -1.357883 
-8.232262 5.743116 -3.554273 1.380959 -1.762413 
-9.987053 6.318936 -3.408605 1.144591 -1.805056 
-18.596873 5.685534 -2.977299 1.437050 -1.229791 
-8.776116 4.888278 -2.775232 1.199860 -1.395020 
-9.161581 5.483242 -2.919381 1.277773 -1.456983 
-10.242373 5.279998 -3.047197 1.388530 -1.612117 
-10.148618 5.049318 -2.882251 1.221072 -1.377692 
-8.887651 5.907831 -3.409174 1.128113 -1.357883 
-8.232262 5.743116 -3.554273 1.380959 -1.762413 
-9.987053 6.318936 -3.408605 1.144591 -1.805056 
