1 17993577
11 5193990
21 22652601
31 5982261
41 6124385
51 6304009
61 19951442
71 6531404
81 36632745
91 6843933
101 6783943
111 26879880
121 6944782
131 24932283
141 7087323
151 7091862
161 36137238
171 7184399
181 40249911
191 16723277
201 7305779
211 25737735
221 7380368
231 7394684
241 19144941
251 7470669
261 27507523
271 27530499
281 7553987
291 32254823
301 19610068
311 7619844
321 22464455
331 25678302
341 7692336
351 7707492
361 28754497
371 7748348
381 23655767
391 7791578
401 29286880
411 22984894
421 7949275
431 7857436
441 22831040
451 28927418
461 7971484
471 20137213
481 7956747
491 26964595
501 8026028
511 7982169
521 33109371
531 8054942
541 8075055
551 8036084
561 41068145
571 32116472
581 24714035
591 8097403
601 24010828
611 8139516
621 25179163
631 8142798
641 27210289
651 8171012
661 24023539
671 8188332
681 8191686
691 31223161
701 19328618
711 8235823
721 22024401
731 28271630
741 8301192
751 8263970
761 26468529
771 29312998
781 8300914
791 8316418
801 37315629
811 33377623
821 8322914
831 27351433
841 8491084
851 8446598
861 32708776
871 8391215
881 27426580
891 27414009
901 8411259
911 23466783
921 23042302
931 8423690
941 21020046
951 32459381
961 8458959
971 23041184
981 8482495
991 25636329
1001 8491085
1011 29506033
1021 8504215
1031 22509432
1041 8519300
1051 24244229
1061 28541627
1071 8517206
1081 8538016
1091 36853296
1101 21125503
1111 31919805
1121 8573215
1131 22815116
1141 8575799
1151 29888121
1161 8604573
1171 28603784
1181 8655346
1191 28619568
1201 18525889
1211 8624966
1221 30509757
1231 37640661
1241 19796328
1251 8658000
1261 33603760
1271 19673761
1281 19691431
1291 36695529
1301 8680489
1311 8692500
1321 22735849
1331 29704376
1341 8918150
1351 8738314
1361 42704888
1371 29740413
1381 8731400
1391 27845543
1401 33384885
1411 8742785
1421 26993159
1431 24995627
1441 8767018
1451 28763925
1461 8765133
1471 23665753
1481 19301800
1491 30803011
1501 31797518
1511 8821494
1521 34810228
1531 35573568
1541 8811157
1551 42428956
1561 8822191
1571 33946461
1581 8829803
1591 29832600
1601 8936727
1611 32841819
1621 8841885
1631 22359627
1641 8832667
1651 26414753
1661 28872035
1671 8867796
1681 25874969
1691 8871777
1701 24516880
1711 30864610
1721 30936613
1731 8896918
1741 8887212
1751 36901764
1761 35661984
1771 8907046
1781 28914846
1791 21636585
1801 19534432
1811 8993157
1821 27975444
1831 8936029
1841 29939522
1851 8936936
1861 8927928
1871 40944111
1881 33868241
1891 8954188
1901 27961126
1911 27089536
1921 8966549
1931 24754263
1941 9089744
1951 28737106
1961 33989831
1971 8990364
1981 35000330
1991 28033689
2001 23016252
2011 33011877
2021 24021654
2031 8995461
2041 33229145
2051 21948275
2061 9023188
2071 33035692
2081 28040743
2091 32010666
2101 34045003
2111 9040368
2121 25364027
2131 31083415
2141 35064582
2151 9053079
2161 13072098
2171 35071356
2181 41039231
2191 9053917
2201 33111187
2211 28090538
2221 9114187
2231 23092446
2241 27232985
2251 9182770
2261 29098872
2271 23657234
2281 9106715
2291 32114655
2301 31342029
2311 9109648
2321 37127972
2331 35907677
2341 18416382
2351 30204213
2361 30769349
2371 9121381
2381 30200372
2391 18543837
2401 29147760
2411 9130949
2421 20509662
2431 23162076
2441 9176973
2451 30150017
2461 9324054
2471 28137610
2481 9136467
2491 21927952
