1 14437169
11 45744
21 20532
31 27377
41 34780
51 42113
61 49446
71 56639
81 64042
91 71375
101 78848
111 85832
121 102315
131 100498
141 107761
151 115094
161 122847
171 129761
181 137024
191 152738
201 152039
211 159023
221 166287
231 173550
241 181441
251 188705
261 195689
271 203091
281 210355
291 225860
301 224812
311 232354
321 239547
331 255470
341 254074
351 261338
361 277261
371 276003
381 284663
391 299050
401 298003
411 305755
421 321819
431 320072
441 327196
451 343188
461 341722
471 349264
481 364769
491 364140
501 379155
511 378596
521 385371
531 401435
541 454931
551 408069
561 425039
571 422316
581 438240
591 463382
601 452277
611 451997
621 458422
631 467921
641 474346
651 488802
661 488454
671 495786
681 19526960
691 514433
701 527004
711 525398
721 540973
731 539296
741 555778
751 553404
761 561924
771 576660
781 575333
791 591954
801 590907
811 598519
821 15649433
831 616189
841 627852
851 634697
861 634486
871 650130
881 657464
891 656555
901 672199
911 679323
921 26702769
931 689101
941 701881
951 709006
961 707538
971 723182
981 731075
991 737848
1001 736800
1011 744553
1021 760196
1031 767531
1041 774722
1051 773536
1061 788900
1071 797281
1081 803845
1091 811110
1101 27828851
1111 821375
1121 900224
1131 840581
1141 847426
1151 854968
1161 860486
1171 869355
1181 876549
1191 884300
1201 883253
1211 890237
1221 905740
1231 911957
1241 921455
1251 928019
1261 935563
1271 942825
1281 950089
1291 957421
1301 964685
1311 971948
1321 979840
1331 17530964
1341 997439
1351 1001281
1361 1008962
1371 1015807
1381 1023350
1391 1032009
1401 1038086
1411 1045279
1421 1052543
1431 1090813
1441 1067069
1451 1074401
1461 1081666
1471 1088440
1481 22109603
1491 1117982
1501 1111486
1511 1118680
1521 1126222
1531 7705119
1541 1145079
1551 1148292
1561 1154298
1571 1162328
1581 1169454
1591 1177134
1601 1184189
1611 1198994
1621 1199414
1631 1206467
1641 1214709
1651 36267417
1661 1236987
1671 1233634
1681 1247254
1691 1250745
1701 1255493
1711 1260872
1721 1276795
1731 1277423
1741 1284617
1751 1298096
1761 27312742
1771 1312761
1781 1320165
1791 1321072
1801 1326660
1811 1335879
1821 1343001
1831 1357040
1841 1358437
1851 1365420
1861 22397969
1871 1424435
1881 1394614
1891 1394613
1901 1407743
1911 1408721
1921 1422200
1931 1423317
1941 1430859
1951 1444618
1961 1443012
1971 1458655
1981 1459981
1991 1474369
2001 22491553
2011 1493505
2021 1490362
2031 1497905
2041 1510756
2051 1511036
2061 1525282
2071 1561599
2081 1539250
2091 1540087
2101 1553776
2111 1561528
2121 1559713
2131 22592260
2141 1582409
2151 1591001
2161 1597914
2171 1598544
2181 1612441
2191 1721669
2201 1621940
2211 1634371
2221 1641564
2231 1642890
2241 30225094
2251 1666357
2261 1671803
2271 1678997
2281 1683117
2291 1687448
2301 18550123
2311 1713917
2321 1709308
2331 4828941
2341 1737383
2351 1737733
2361 1745064
2371 1745832
2381 1759102
2391 18092260
2401 1816650
2411 1781172
2421 1788574
2431 1796607
2441 15252330
2451 1816510
2461 1818186
2471 1822027
2481 1823494
2491 1833411
