1 14371172
11 158395
21 378387
31 790996
41 1349636
51 2058502
61 2943012
71 3881786
81 19096265
91 26819469
101 7765179
111 42892686
121 36153580
131 12970414
141 35983452
151 27877668
161 73567123
171 63504803
181 39994720
191 84436364
201 80259088
211 99369529
221 65945323
231 134832402
241 83912711
251 127206831
261 119882964
271 124585148
281 167410230
291 135488399
301 175348680
311 198023489
321 238152998
331 212413656
341 223060949
351 275446139
361 222840397
371 276110517
381 250780013
391 271712481
401 305243191
411 303761978
421 355455134
431 328294782
441 373532797
451 366283798
461 383467244
471 443069027
481 403723810
491 434818958
501 458647087
511 440040185
521 503977081
531 478683592
541 612226908
551 547434205
561 573123472
571 619880274
581 638934705
591 652703096
601 648654325
611 708877678
621 666174744
631 793945524
641 743828561
651 786726346
661 812871869
671 806100917
681 791372658
691 902067755
701 994380760
711 969534658
721 922146093
731 970988006
741 967313780
751 1057712781
761 1004783965
771 1070659309
781 1239577292
791 1147479390
801 1132045689
811 1279095151
821 1171184044
831 1272575269
841 1268962573
851 1335169864
861 1395568650
871 1405025957
881 1394638954
891 1437061904
901 1571161276
911 1529483719
921 1582788898
931 1573140930
941 1755689932
951 1592487008
961 1677578320
971 1706658405
981 1806734775
991 1840362141
