0 1
10 1
20 2
30 2
40 3
50 3
60 2
70 2
80 1
90 1
100 1
110 1
120 1
130 1
140 1
150 1
160 1
170 1
180 1
190 1
200 1
210 2
220 1
230 1
240 1
250 1
260 2
270 2
280 2
290 2
300 2
310 2
320 2
330 2
340 2
350 2
360 2
370 2
380 2
390 2
400 2
410 2
420 2
430 2
440 3
450 3
460 3
470 3
480 3
490 3
500 3
510 3
520 3
530 3
540 3
550 3
560 3
570 3
580 3
590 3
600 4
610 4
620 4
630 4
640 4
650 4
660 4
670 4
680 4
690 4
700 4
710 4
720 4
730 4
740 5
750 5
760 5
770 5
780 5
790 5
800 5
810 5
820 5
830 5
840 5
850 5
860 6
870 6
880 6
890 6
900 6
910 6
920 6
930 6
940 6
950 6
960 6
970 6
980 6
990 7
1000 7
1100 8
1200 9
1300 10
1400 11
1500 13
1600 15
1700 16
1800 18
1900 20
2000 19
2100 22
2200 25
2300 26
2400 31
2500 30
2600 33
2700 36
2800 35
2900 38
3000 39
3100 39
3200 44
3300 45
3400 47
3500 54
3600 53
3700 57
3800 60
3900 60
4000 64
4100 66
4200 69
4300 71
4400 77
4500 80
4600 81
4700 85
4800 85
4900 90
5000 94
5100 96
5200 101
5300 104
5400 106
5500 110
5600 112
5700 116
5800 120
5900 122
6000 126
6100 126
6200 131
6300 135
6400 133
6500 139
6600 141
6700 143
6800 147
6900 147
7000 150
7100 154
7200 155
7300 156
7400 159
7500 160
7600 162
7700 164
7800 167
7900 169
8000 167
8100 171
8200 174
8300 174
8400 178
8500 180
8600 180
8700 181
8800 180
8900 200
9000 190
9100 194
9200 186
9300 186
9400 186
9500 188
9600 187
9700 188
9800 188
9900 189
10000 190
