0 0
10 1
20 2
30 2
40 2
50 2
60 2
70 1
80 1
90 1
100 1
110 1
120 1
130 1
140 1
150 1
160 1
170 1
180 1
190 1
200 1
210 1
220 1
230 1
240 1
250 1
260 1
270 2
280 2
290 2
300 2
310 2
320 2
330 2
340 2
350 2
360 2
370 2
380 2
390 2
400 2
410 2
420 2
430 2
440 2
450 3
460 3
470 3
480 3
490 3
500 3
510 3
520 3
530 3
540 3
550 3
560 3
570 3
580 4
590 3
600 4
610 4
620 4
630 4
640 4
650 4
660 4
670 4
680 4
690 4
700 4
710 4
720 4
730 4
740 5
750 5
760 5
770 5
780 5
790 5
800 5
810 5
820 5
830 5
840 5
850 5
860 6
870 6
880 6
890 6
900 6
910 6
920 6
930 6
940 6
950 6
960 6
970 6
980 7
990 7
1000 7
1100 8
1200 9
1300 10
1400 11
1500 11
1600 13
1700 14
1800 16
1900 17
2000 18
2100 19
2200 20
2300 20
2400 21
2500 23
2600 23
2700 25
2800 28
2900 30
3000 31
3100 32
3200 33
3300 35
3400 37
3500 40
3600 40
3700 41
3800 42
3900 46
4000 48
4100 49
4200 49
4300 53
4400 56
4500 59
4600 60
4700 61
4800 63
4900 66
5000 68
5100 71
5200 72
5300 75
5400 79
5500 80
5600 82
5700 86
5800 89
5900 90
6000 93
6100 96
6200 98
6300 100
6400 103
6500 108
6600 109
6700 112
6800 117
6900 119
7000 118
7100 121
7200 129
7300 128
7400 134
7500 131
7600 135
7700 140
7800 143
7900 147
8000 151
8100 155
8200 159
8300 164
8400 167
8500 171
8600 174
8700 177
8800 181
8900 185
9000 189
9100 191
9200 194
9300 198
9400 201
9500 204
9600 207
9700 211
9800 214
9900 216
10000 220
