0 2
10 4
20 5
30 6
40 7
50 7
60 8
70 8
80 8
90 9
100 9
110 10
120 11
130 11
140 12
150 12
160 13
170 13
180 15
190 15
200 16
210 16
220 17
230 18
240 18
250 18
260 19
270 20
280 20
290 20
300 20
310 21
320 20
330 20
340 21
350 20
360 20
370 20
380 21
390 23
400 25
410 27
420 29
430 27
440 28
450 28
460 30
470 30
480 32
490 33
500 31
510 31
520 33
530 32
540 32
550 33
560 34
570 34
580 36
590 34
600 33
610 34
620 35
630 33
640 32
650 35
660 36
670 35
680 38
690 38
700 39
710 37
720 39
730 42
740 42
750 43
760 44
770 43
780 45
790 43
800 43
810 44
820 44
830 45
840 45
850 46
860 47
870 44
880 46
890 46
900 46
910 47
920 52
930 52
940 54
950 53
960 54
970 54
980 55
990 54
1000 56
1100 56
1200 64
1300 67
1400 76
1500 79
1600 86
1700 90
1800 95
1900 102
2000 107
2100 114
2200 118
2300 125
2400 130
2500 137
2600 140
2700 147
2800 153
2900 159
3000 165
3100 171
3200 179
3300 180
3400 189
3500 196
3600 200
3700 201
3800 210
3900 217
4000 221
4100 227
4200 233
4300 240
4400 246
4500 252
4600 259
4700 263
4800 271
4900 279
5000 280
5100 287
5200 295
5300 300
5400 308
5500 313
5600 321
5700 326
5800 337
5900 340
6000 344
6100 352
6200 360
6300 365
6400 375
6500 380
6600 388
6700 395
6800 400
6900 407
7000 413
7100 420
7200 432
7300 439
7400 440
7500 450
7600 458
7700 469
7800 477
7900 483
8000 492
8100 499
8200 508
8300 515
8400 522
8500 531
8600 541
8700 542
8800 553
8900 561
9000 569
9100 577
9200 582
9300 589
9400 596
9500 606
9600 611
9700 620
9800 622
9900 635
10000 641
