0 1
10 2
20 3
30 4
40 5
50 6
60 6
70 7
80 7
90 8
100 7
110 9
120 9
130 10
140 11
150 11
160 12
170 13
180 13
190 14
200 14
210 15
220 16
230 13
240 12
250 13
260 14
270 14
280 14
290 15
300 20
310 20
320 20
330 20
340 23
350 21
360 24
370 25
380 25
390 25
400 27
410 28
420 28
430 27
440 25
450 27
460 28
470 27
480 29
490 29
500 25
510 26
520 26
530 26
540 28
550 27
560 34
570 33
580 34
590 36
600 36
610 33
620 36
630 38
640 40
650 39
660 39
670 40
680 40
690 36
700 38
710 39
720 39
730 39
740 40
750 39
760 40
770 39
780 40
790 40
800 42
810 44
820 46
830 45
840 45
850 45
860 48
870 49
880 48
890 49
900 50
910 52
920 50
930 50
940 51
950 51
960 53
970 52
980 53
990 53
1000 52
1100 59
1200 63
1300 67
1400 75
1500 80
1600 85
1700 92
1800 97
1900 104
2000 109
2100 119
2200 120
2300 129
2400 133
2500 139
2600 145
2700 152
2800 160
2900 160
3000 169
3100 175
3200 180
3300 185
3400 191
3500 199
3600 205
3700 214
3800 219
3900 223
4000 230
4100 238
4200 240
4300 246
4400 254
4500 260
4600 269
4700 277
4800 281
4900 288
5000 296
5100 300
5200 310
5300 317
5400 324
5500 333
5600 340
5700 344
5800 354
5900 360
6000 364
6100 372
6200 380
6300 385
6400 396
6500 400
6600 405
6700 410
6800 418
6900 425
7000 432
7100 438
7200 444
7300 450
7400 458
7500 461
7600 469
7700 475
7800 480
7900 482
8000 492
8100 497
8200 501
8300 508
8400 512
8500 519
8600 525
8700 529
8800 536
8900 539
9000 544
9100 550
9200 559
9300 560
9400 562
9500 570
9600 575
9700 580
9800 583
9900 585
10000 593
