0 3
10 4
20 5
30 6
40 7
50 7
60 8
70 8
80 8
90 9
100 9
110 10
120 11
130 10
140 12
150 12
160 13
170 14
180 15
190 15
200 16
210 16
220 17
230 18
240 18
250 19
260 19
270 20
280 20
290 20
300 21
310 21
320 20
330 20
340 19
350 21
360 21
370 22
380 21
390 24
400 27
410 28
420 28
430 28
440 27
450 28
460 30
470 32
480 31
490 32
500 31
510 32
520 32
530 31
540 31
550 34
560 37
570 35
580 34
590 33
600 35
610 34
620 36
630 35
640 36
650 36
660 36
670 36
680 37
690 36
700 37
710 40
720 39
730 44
740 43
750 45
760 45
770 46
780 46
790 43
800 46
810 44
820 45
830 45
840 47
850 47
860 45
870 43
880 46
890 46
900 47
910 47
920 52
930 52
940 52
950 53
960 54
970 56
980 56
990 57
1000 57
1100 58
1200 67
1300 71
1400 79
1500 81
1600 89
1700 93
1800 100
1900 108
2000 113
2100 120
2200 125
2300 132
2400 139
2500 141
2600 149
2700 156
2800 160
2900 165
3000 172
3100 180
3200 184
3300 191
3400 199
3500 200
3600 209
3700 219
3800 220
3900 227
4000 234
4100 240
4200 249
4300 254
4400 260
4500 267
4600 274
4700 279
4800 285
4900 292
5000 300
5100 308
5200 318
5300 320
5400 329
5500 337
5600 342
5700 350
5800 358
5900 362
6000 372
6100 379
6200 381
6300 389
6400 398
6500 403
6600 410
6700 418
6800 421
6900 430
7000 438
7100 440
7200 444
7300 453
7400 460
7500 465
7600 471
7700 477
7800 484
7900 490
8000 495
8100 500
8200 505
8300 510
8400 516
8500 520
8600 529
8700 531
8800 536
8900 541
9000 544
9100 549
9200 556
9300 561
9400 573
9500 592
9600 580
9700 582
9800 582
9900 590
10000 601
