0.0872348 0.912765
0.00102459 9.99998 100
0 4.81888e-005 0.000101197 0.000183118 0.000236125 0.00051562 0.00051562 0.000703557 0.00086258 0.00108907 0.00130592 0.0014553 0.00154686 0.00193237 0.00234198 0.00264557 0.0029106 0.00310336 0.00367681 0.00373945 0.00462131 0.00517066 0.00577302 0.00618263 0.0067127 0.0076042 0.00810054 0.00843304 0.00888602 0.00973896 0.00994617 0.0102931 0.0107124 0.0117677 0.0114545 0.0119026 0.0117773 0.0123219 0.0126978 0.0129628 0.0124664 0.0130447 0.0131218 0.0134881 0.0135555 0.0132182 0.0141531 0.013623 0.0136374 0.0138302 0.0136278 0.0139025 0.0140567 0.0141482 0.0140567 0.0142253 0.0141193 0.0137916 0.0139507 0.0141627 0.0140326 0.0143024 0.0146446 0.0139362 0.0134302 0.0139892 0.0133772 0.0138398 0.0139073 0.0137531 0.0136471 0.0142976 0.0138254 0.0131507 0.0138639 0.0134254 0.0134158 0.0132375 0.0135314 0.0131266 0.0128857 0.0132327 0.0130351 0.013011 0.0128568 0.0127411 0.012452 0.0127122 0.0123122 0.0125146 0.0121821 0.0118014 0.012105 0.0118641 0.0120135 0.0120424 0.0115412 0.0118014 0.0120087 0 
0.00138856 0.00417719 0.00627638 0.00775981 0.00898994 0.0100096 0.0108174 0.01126 0.0119835 0.0124077 0.0127964 0.0130902 0.013397 0.0136268 0.0136972 0.0138925 0.013817 0.01412 0.014149 0.0140371 0.0142043 0.0140638 0.0140827 0.0139782 0.0138036 0.0138957 0.0136636 0.0135895 0.0136249 0.0134089 0.0133173 0.013069 0.0131063 0.0128825 0.0128641 0.0127107 0.0125224 0.012503 0.012299 0.0121148 0.01203 0.011879 0.0118513 0.0116114 0.011657 0.0114617 0.0113438 0.0111163 0.011015 0.0108971 0.0107525 0.0106696 0.0104955 0.0103914 0.0102901 0.010162 0.0101763 0.0100285 0.00983782 0.00975169 0.00969919 0.00950392 0.009392 0.00927456 0.00915666 0.00901758 0.00891487 0.00879007 0.00871546 0.00858558 0.00842347 0.00831155 0.00825859 0.00809003 0.00803016 0.00798963 0.00773863 0.00760277 0.00758711 0.00743559 0.00730111 0.00732874 0.00712978 0.00702201 0.00702293 0.00690089 0.00694602 0.00668489 0.00657113 0.00656008 0.006491 0.00646567 0.00631 0.00623862 0.00614651 0.00598854 0.00583794 0.00592452 0.00579603 4.6055e-007 
0.0792491 3.45611 100
5.30077e-005 0.000452975 0.00447192 0.0225283 0.04217 0.054675 0.0630358 0.0653922 0.0657826 0.0620865 0.0591421 0.0551377 0.0509645 0.0473359 0.0431049 0.0397606 0.0360838 0.0331973 0.0299831 0.0271448 0.0238776 0.0214922 0.0194346 0.0173576 0.0153144 0.0135362 0.0118545 0.0107124 0.00916551 0.00789333 0.00714158 0.00580675 0.00499236 0.00428881 0.00389848 0.00340695 0.00263593 0.00233716 0.00202393 0.00159505 0.001277 0.00121436 0.00101678 0.000857761 0.00073247 0.000640911 0.000510802 0.000448156 0.000293952 0.000327684 0.000265039 0.000245763 0.000125291 0.00017348 0.000110834 8.67399e-005 7.22832e-005 6.74644e-005 3.37322e-005 3.37322e-005 3.85511e-005 3.85511e-005 1.92755e-005 2.40944e-005 1.92755e-005 4.81888e-006 1.44566e-005 9.63776e-006 4.81888e-006 4.81888e-006 0 0 0 4.81888e-006 0 0 0 4.81888e-006 4.81888e-006 0 0 0 0 0 0 0 0 0 0 0 0 4.81888e-006 0 0 0 0 0 0 0 0 
1.10532e-005 0.000224749 0.00287982 0.0187006 0.0402931 0.0548796 0.0629158 0.0655607 0.0643324 0.0612877 0.0573593 0.0533667 0.0489828 0.0444707 0.0402295 0.0365373 0.0332946 0.030067 0.0272038 0.0246109 0.0223445 0.019864 0.0179486 0.0163707 0.0147781 0.013437 0.0119453 0.010705 0.00963333 0.00870717 0.00799884 0.00727624 0.00660015 0.00611611 0.00553075 0.00499789 0.00452122 0.00412883 0.00373322 0.00335327 0.00302305 0.00277574 0.00250079 0.00228847 0.00209735 0.00195504 0.00182056 0.00157554 0.00140698 0.00124901 0.0011744 0.00103808 0.000899915 0.000797213 0.000765895 0.000680233 0.000614374 0.00057707 0.000565556 0.000512132 0.00046838 0.000398376 0.000386402 0.000332057 0.000329294 0.000303963 0.00025929 0.00022567 0.000212314 0.000212774 0.00019205 0.000141389 0.00013402 0.000115598 0.000105466 7.82936e-005 6.81615e-005 6.40165e-005 5.15816e-005 4.78972e-005 4.23706e-005 3.26991e-005 3.6844e-005 2.80936e-005 2.57908e-005 2.85541e-005 2.44092e-005 2.44092e-005 2.07248e-005 1.98037e-005 1.70404e-005 1.56587e-005 1.70404e-005 9.21101e-006 7.36881e-006 3.6844e-006 1.8422e-006 4.6055e-007 4.6055e-007 4.6055e-007 
-3.79985 4.22069 100
0 0 0 0 0 0 0 0 0 0 0 0 0 0 0 0 0 0 0 0 4.81888e-006 9.63776e-006 1.92755e-005 9.63776e-006 4.33699e-005 6.74644e-005 6.74644e-005 0.000139748 0.000183118 0.000337322 0.000568628 0.000877037 0.00123845 0.00231306 0.00344068 0.00625491 0.00980643 0.0151891 0.0235981 0.0343056 0.0506705 0.0746782 0.101847 0.111263 0.0789622 0.0311059 0.00550316 0.00832703 0.0364018 0.0787887 0.0984642 0.0822969 0.0573688 0.0355248 0.0215163 0.012105 0.00723796 0.00379246 0.0024239 0.0014794 0.000746927 0.000438518 0.000284314 0.000110834 4.33699e-005 4.81888e-005 5.78266e-005 9.63776e-006 9.63776e-006 4.81888e-006 9.63776e-006 0 0 0 4.81888e-006 0 0 0 0 0 0 0 0 0 0 0 0 0 0 0 0 0 0 0 0 0 0 0 0 0 
4.6055e-007 9.21101e-007 0 4.6055e-007 0 9.21101e-007 0 1.38165e-006 1.38165e-006 4.6055e-007 1.8422e-006 2.7633e-006 3.6844e-006 3.6844e-006 6.44771e-006 6.44771e-006 5.98716e-006 8.75046e-006 1.01321e-005 1.8422e-005 1.79615e-005 2.85541e-005 3.1778e-005 4.55945e-005 5.11211e-005 5.84899e-005 8.1978e-005 0.000102242 0.000123428 0.000189747 0.00026758 0.000322385 0.000409429 0.000573846 0.000828991 0.00121954 0.00178279 0.00277666 0.00435681 0.00628007 0.0105309 0.0184998 0.0337155 0.0595243 0.0970057 0.13375 0.155255 0.150449 0.121948 0.0835885 0.0502276 0.0280236 0.0158333 0.00884671 0.00501079 0.00303733 0.00178832 0.00110118 0.000692668 0.000486341 0.000288765 0.000219683 0.000139086 0.000104545 7.00037e-005 5.9411e-005 3.31596e-005 3.26991e-005 1.98037e-005 1.75009e-005 1.51982e-005 1.05927e-005 9.21101e-006 8.75046e-006 5.06605e-006 2.7633e-006 5.98716e-006 1.38165e-006 2.30275e-006 3.6844e-006 2.30275e-006 1.38165e-006 2.7633e-006 0 9.21101e-007 9.21101e-007 4.6055e-007 0 4.6055e-007 4.6055e-007 4.6055e-007 0 0 0 4.6055e-007 0 0 0 9.21101e-007 4.6055e-007 
1 25 25
0.0332503 0.0410858 0.0447048 0.0474323 0.0524391 0.0531764 0.0560291 0.06053 0.0651706 0.079126 0.066197 0.0673824 0.0709388 0.0649489 0.0893517 0.0312408 0.0214922 0.0166444 0.0122737 0.0140663 0.00432254 0.00304071 0.00214922 0.00143121 0.00157577 
0.0273899 0.0354108 0.0418788 0.0467744 0.0642242 0.0539268 0.055722 0.0589417 0.062919 0.0901113 0.062073 0.0590112 0.0572902 0.0526202 0.075026 0.0326415 0.0257333 0.0212217 0.018183 0.0251437 0.00837833 0.00648962 0.0054543 0.00495276 0.00848242 
1.06066 4.59619 100
9.63776e-005 7.22832e-005 3.37322e-005 0.000640911 1.92755e-005 0.000207212 0.000187936 0.000308408 8.1921e-005 0.00225042 0.00060236 0.000221669 0.000665006 0.000424062 0.000665006 0.000963776 0.00212513 0.00120954 0.00114689 0.00217813 0.00688136 0.00201911 0.00174444 0.00394666 0.00618263 0.00738735 0.00526704 0.00646212 0.00788369 0.0141482 0.0124327 0.00974378 0.0414038 0.0127845 0.0159505 0.0165818 0.0145048 0.020167 0.015724 0.0155794 0.0378427 0.0179744 0.0209477 0.0206537 0.0224512 0.0242823 0.0200803 0.020302 0.01663 0.0690401 0.0203646 0.0236077 0.0183889 0.0182877 0.023521 0.0174203 0.0209911 0.0153578 0.0200128 0.0365416 0.0120906 0.0122014 0.0156421 0.0124713 0.0170781 0.0126014 0.012346 0.0119701 0.00817764 0.0147795 0.0118834 0.05441 0.0057682 0.00666933 0.00881855 0.00980161 0.00402377 0.00372981 0.00727169 0.00761865 0.00200947 0.00185045 0.00200466 0.00113726 0.0014553 0.00104088 0.000597541 0.000539715 9.15588e-005 0.00276122 0.000159023 0.000154204 0.000110834 0.000120472 0.000375873 0.000505983 0 6.74644e-005 0 7.22832e-005 
5.61871e-005 3.36202e-005 3.36202e-005 0.00050246 5.98716e-006 0.000179154 0.000127572 0.000251 6.44771e-005 0.00173535 0.000434299 0.000224749 0.000469761 0.000363374 0.000467919 0.000765435 0.00161377 0.00095426 0.000880572 0.00135033 0.00530324 0.00152857 0.00109197 0.00286693 0.00404271 0.00438076 0.00362776 0.00452307 0.00498131 0.0105986 0.00954122 0.00794035 0.0334562 0.0109804 0.0135761 0.0133302 0.0139059 0.0164619 0.0148329 0.0154128 0.0530333 0.0183935 0.0195329 0.0219038 0.0218471 0.023203 0.022963 0.0220369 0.0177994 0.101185 0.0225007 0.0254615 0.0197507 0.0221212 0.0230096 0.0197079 0.0231261 0.0168469 0.0200201 0.0579884 0.0143369 0.01199 0.0164016 0.0138506 0.0164831 0.0123368 0.0124874 0.0104992 0.00786298 0.0139671 0.00909034 0.0352003 0.00494447 0.005236 0.00615387 0.00583794 0.00337123 0.00287568 0.00323629 0.0061419 0.00188457 0.00138441 0.00166996 0.000914193 0.00121677 0.00087044 0.000534699 0.000394692 4.97394e-005 0.00226591 0.000124349 0.000105466 9.21101e-005 8.01358e-005 0.000274488 0.000413574 0 4.65156e-005 0 4.65156e-005 
1.54919 4.74342 100
0.000168661 0 3.85511e-005 0.000178299 0.000120472 0.000795116 6.74644e-005 0.000578266 0.000433699 0.000414424 0.000399967 0.000718013 0.000592723 0.00310336 1.92755e-005 0.000886674 0.00169625 0.00359489 0.00161914 0.00107943 0.000785478 0.00357561 0.00160951 0.00150831 0.00287205 0.00623081 0.00243835 0.00870772 0.00248172 0.00746927 0.00350815 0.0158059 0.00933899 0.0113196 0.00661151 0.0121725 0.0127652 0.0332407 0.0133387 0.0470901 0.0158059 0.0152662 0.0263689 0.0179744 0.0226006 0.0121484 0.0171745 0.0168275 0.0167408 0.0309854 0.011999 0.0180804 0.0247642 0.0213091 0.0203164 0.0231595 0.0197333 0.0263111 0.0208802 0.0246679 0.0207646 0.0320889 0.0218392 0.0209718 0.0219163 0.0196273 0.0223018 0.0219356 0.0122448 0.0114208 0.0163987 0.0114208 0.012452 0.0149867 0.0474323 0.00853424 0.00720423 0.014553 0.00560436 0.00407677 0.00394185 0.0102353 0.00362862 0.00204802 0.0015324 0.00105534 0.000920407 0.00106497 0.000828848 0.000954139 0.00166733 0.000457794 0.000269857 0.000115653 0.000351778 5.30077e-005 0.000496345 4.33699e-005 0 7.22832e-005 
8.98073e-005 0 2.30275e-005 0.000182839 6.58587e-005 0.000617138 5.20422e-005 0.000400218 0.000396994 0.000361993 0.000245934 0.000629572 0.000477591 0.00224472 1.98037e-005 0.000747473 0.00127112 0.00296548 0.00122829 0.000914653 0.000604703 0.0026477 0.00109887 0.00107492 0.00225762 0.00583195 0.00196194 0.00667706 0.00163818 0.0046009 0.00225762 0.0125836 0.00623539 0.00848472 0.0052535 0.0100128 0.0109496 0.0256241 0.0117228 0.0406952 0.0132924 0.0135936 0.0328948 0.0184736 0.022321 0.012538 0.0187223 0.0240974 0.0171795 0.0492351 0.0130092 0.0225071 0.0257102 0.0333595 0.0246321 0.0246666 0.0218379 0.0283133 0.0234406 0.0329174 0.0213631 0.0416609 0.0231252 0.0242834 0.0208698 0.0267801 0.0214184 0.0207312 0.0127724 0.0105448 0.0148937 0.0111393 0.0111264 0.0117178 0.0286757 0.00870717 0.00505316 0.00948319 0.00416245 0.00339978 0.00269883 0.00527192 0.00271034 0.00156541 0.00133283 0.00100078 0.000698194 0.00081195 0.000840044 0.000676549 0.00123197 0.00030949 0.000196655 0.0001004 0.000244092 2.7633e-005 0.000407127 3.1778e-005 0 4.65156e-005 
