0.11504 0.88496
0.000144938 9.99539 50
1432 1221 1750 1634 1373 1142 937 701 546 433 313 221 178 147 126 94 88 104 75 66 62 44 46 45 37 47 46 22 27 21 15 15 39 22 17 17 27 16 16 16 25 20 10 19 7 17 15 7 12 1 
14179 14701 14291 11814 9028 7222 5412 4327 3532 2880 2130 1618 1346 1026 996 814 761 690 542 486 348 305 301 284 269 254 248 201 198 198 168 146 150 125 122 116 129 93 112 113 93 102 84 94 75 66 64 67 77 0 
0.00888047 3.44512 50
0 0 0 0 72 137 266 361 462 648 1016 1144 916 932 874 776 739 665 684 630 464 386 294 292 265 283 258 184 131 84 70 87 44 61 35 15 13 23 0 0 0 0 0 0 0 0 0 0 0 0 
2 0 0 51 821 1492 1873 2416 3494 5532 8683 8690 8333 7257 6668 6335 5312 4565 4005 3537 3413 2744 2479 2388 1983 1767 1620 1283 1078 867 779 638 527 369 363 250 190 182 134 113 41 35 30 27 17 5 4 2 2 1 
-1.65655 2.18957 50
0 0 0 0 0 0 1 4 1 1 4 8 18 89 929 1277 2146 728 316 157 24 16 141 458 1342 2547 1075 518 736 504 146 25 69 22 7 0 0 2 0 0 0 0 0 0 0 0 0 0 0 0 
2 4 3 6 8 16 64 236 682 491 300 575 996 780 2236 4758 5558 6131 7609 6565 6306 5890 6316 8179 8830 7217 6381 3727 2452 1448 1597 1508 1600 2380 1002 309 103 43 26 15 25 8 2 3 2 3 3 0 1 1 
1 25 25
11 13 21 27 78 125 277 435 580 2374 1850 2090 1318 973 1192 676 537 411 164 101 46 7 3 1 1 
103 248 514 728 1962 1515 2824 3562 6003 14186 10257 13112 10192 10347 10720 7550 4020 2464 1300 525 163 57 33 9 3 
1.25 4.59619 50
0 1 7 6 0 6 10 42 19 66 147 317 247 258 878 595 478 476 1044 430 634 338 250 538 598 539 403 324 1241 413 423 747 424 348 362 118 289 97 39 41 69 32 4 10 0 1 2 0 0 0 
11 4 64 28 31 48 138 499 253 622 1007 1386 1645 1612 3402 2338 2742 3810 8738 4236 4970 3903 3219 9905 5484 4812 3526 3548 8671 2758 2615 3646 2327 2483 3870 994 1229 632 389 187 452 60 23 52 11 10 5 1 0 1 
1.65831 4.74342 50
0 1 8 1 5 5 4 13 10 12 51 37 115 226 117 192 273 725 544 1270 488 575 395 522 355 278 290 769 654 1195 579 358 491 748 718 270 362 238 202 52 47 73 27 13 1 0 2 0 0 0 
10 12 59 21 23 54 85 59 72 132 503 373 457 995 1308 1220 2132 3198 2893 6966 2818 5089 4058 5684 3249 4715 3607 9417 5873 7186 5819 3723 3831 3715 3458 2118 3348 1558 1156 606 246 416 46 65 17 0 5 1 0 1 
