0.0940019 0.905998
0 9.99999 100
0 0 0 0 0 7.7682e-005 0 7.7682e-005 0.000310728 0.000310728 0.000543774 0.000466092 0.000699138 0.000543774 0.000699138 0.000543774 0.000621456 0.00077682 0.000932184 0.00124291 0.00209741 0.00233046 0.00295191 0.00326264 0.00357337 0.00481628 0.00605919 0.00660297 0.0104094 0.00885574 0.00939952 0.0126622 0.0128952 0.0142935 0.0147596 0.0172454 0.0125845 0.0160802 0.0156141 0.0135167 0.0172454 0.0167016 0.0164686 0.0162355 0.0181776 0.0164686 0.0163132 0.0160802 0.0146819 0.0142935 0.0184883 0.016857 0.018799 0.0173231 0.0211295 0.016857 0.0146042 0.0120407 0.016857 0.0160802 0.0125845 0.0155364 0.0146042 0.0176338 0.0160802 0.015148 0.0139828 0.0150703 0.0181776 0.0155364 0.015381 0.0150703 0.0121184 0.0104094 0.0131283 0.013672 0.0149149 0.0111862 0.0163132 0.0132836 0.0105647 0.0111085 0.0094772 0.00870038 0.00986561 0.0118077 0.0130506 0.0107978 0.00955488 0.0105647 0.00784588 0.00877806 0.00838965 0.00870038 0.00870038 0.00885574 0.00870038 0.00769052 0.00730211 0.000155364 
0.000725391 0.00334486 0.0111871 0.0182315 0.0191423 0.0209719 0.023551 0.021802 0.0222131 0.019505 0.019239 0.0175625 0.0186587 0.0213265 0.0218907 0.0201256 0.0202465 0.0188521 0.0174739 0.018167 0.016015 0.0170386 0.0155395 0.015209 0.014532 0.0136051 0.0131296 0.0137824 0.0124767 0.0125493 0.0128152 0.0124525 0.0122994 0.0116304 0.0120093 0.0105907 0.0106713 0.0110259 0.0119367 0.0118561 0.0104134 0.0103328 0.0104779 0.00959128 0.00937367 0.00934143 0.00845484 0.00932531 0.00970412 0.00945426 0.00934949 0.00885783 0.00909157 0.00836618 0.00822916 0.00866439 0.00787452 0.00776168 0.00714913 0.00779392 0.00768109 0.00706047 0.006593 0.00711689 0.00682674 0.00690734 0.00632702 0.00685092 0.00715719 0.00573059 0.00578701 0.00586761 0.00570641 0.00545655 0.00561775 0.00594821 0.00514222 0.00514222 0.00518252 0.00514222 0.00542431 0.00514222 0.00505356 0.0052873 0.00522282 0.00461026 0.00482788 0.00440877 0.00440071 0.00439265 0.00392517 0.00395741 0.00421533 0.00365114 0.00372367 0.00364308 0.0035786 0.00320784 0.003095 0 
0.121458 3.50035 100
0 0.000155364 0.000932184 0.0047386 0.00450555 0.00792356 0.0126622 0.0206634 0.0326264 0.0428028 0.0665734 0.0648644 0.0650198 0.0640876 0.0562417 0.0389187 0.0537559 0.0451332 0.0458324 0.04055 0.0393848 0.0330148 0.0352676 0.0243921 0.0299076 0.0198866 0.0196535 0.0222947 0.0215179 0.0162355 0.0138274 0.00613688 0.00543774 0.00605919 0.00613688 0.00403946 0.00341801 0.00901111 0.00201973 0.001709 0.00100987 0.000932184 0.00108755 0.000699138 0.00077682 0.000310728 0.000699138 0.000621456 0.00077682 0.00077682 0.000699138 0.000466092 0.000932184 0.000854502 0.000155364 7.7682e-005 0.000155364 0.000310728 0.00038841 0.000233046 7.7682e-005 0.000155364 0.000155364 0 0 0 0 0 7.7682e-005 0 0.000233046 0 0 0 0 0 0 0 0 0 0 0 0 0 0 0 0 0 0 0 0 0 0 0 0 0 0 0 0 0 
4.83594e-005 0.000185378 0.00352218 0.00738287 0.00921247 0.0117433 0.0167243 0.020851 0.02584 0.0308694 0.03149 0.035383 0.0369143 0.0373818 0.0369466 0.0345367 0.0349074 0.0331746 0.0319091 0.0301037 0.0309097 0.0294751 0.025437 0.0256708 0.0254773 0.0239298 0.0215038 0.020988 0.0198435 0.021391 0.0221647 0.0179655 0.0161843 0.0176431 0.0159102 0.0161843 0.0137824 0.012517 0.0118239 0.0110259 0.0100829 0.00886589 0.00808408 0.006593 0.00702823 0.0069154 0.00718943 0.00658494 0.00636732 0.00644792 0.00666554 0.00682674 0.00590791 0.00497296 0.00406219 0.00344964 0.00315142 0.00312724 0.00206333 0.00180542 0.0019102 0.00140242 0.00199886 0.00102361 0.00106391 0.00085435 0.000693152 0.000967188 0.000386875 0.000556133 0.000572253 0.000394935 0.000257917 0.000515834 0.000112839 0.000249857 0.000104779 0.000112839 8.0599e-006 4.02995e-005 8.0599e-006 7.25391e-005 0.000153138 6.44792e-005 0.000120899 0.000177318 8.86589e-005 5.64193e-005 0.000112839 0.000249857 8.0599e-006 8.0599e-006 0 0 0 8.0599e-005 4.83594e-005 0.000290156 8.0599e-005 8.0599e-006 
-1.77162 1.98518 100
0 0 0 0 0 0 0 0 0 0 0 0 0 7.7682e-005 0 0 0 0.000155364 0.000155364 0.000233046 0.000310728 0.000310728 0.000543774 0.000854502 0.00155364 0.00240814 0.00341801 0.00792356 0.00442787 0.00574847 0.00963256 0.0173231 0.00815661 0.00349569 0.0077682 0.0307621 0.0689816 0.163676 0.0804008 0.0213625 0.0254797 0.0204304 0.00745747 0.00318496 0.00116523 0.00038841 7.7682e-005 7.7682e-005 0.000543774 0.0064476 0.00978793 0.011963 0.0196535 0.0288977 0.0598151 0.1079 0.101996 0.0514255 0.0325487 0.020275 0.0143712 0.00629224 0.00636992 0.00403946 0.00403946 0.0030296 0.00186437 0.00264119 0.001709 0.00124291 0.00147596 0.00132059 0.00038841 0.000310728 0.000621456 0.000854502 0.000233046 0 0 0 0 0 0 0 0 0 0 0 0 0 0 0 0 0 0 0 0 0 0 0 
2.41797e-005 0 1.61198e-005 0 8.0599e-006 0 8.0599e-006 0 0 8.0599e-006 0 2.41797e-005 8.0599e-006 3.22396e-005 7.25391e-005 4.83594e-005 5.64193e-005 0.000120899 0.000249857 0.000330456 0.00083823 0.0016684 0.00081405 0.00111227 0.0016684 0.00165228 0.00152332 0.00245021 0.00415891 0.0033771 0.00400577 0.00544849 0.00469086 0.00519058 0.00897067 0.013718 0.0242361 0.0274359 0.0276293 0.0380669 0.0440393 0.0445713 0.0434026 0.043185 0.0475534 0.0602397 0.0588131 0.0548476 0.0493266 0.0375591 0.0365355 0.0418228 0.045474 0.048037 0.0438539 0.0297652 0.0255418 0.0196984 0.0127991 0.00893843 0.0046425 0.00350606 0.00268395 0.00187796 0.00280485 0.00223259 0.00164422 0.00103167 0.000757631 0.000620612 0.000435235 0.000467474 0.000282097 0.000298216 0.000306276 0.000241797 0.000169258 6.44792e-005 9.67188e-005 2.41797e-005 3.22396e-005 2.41797e-005 8.0599e-006 0 0 8.0599e-006 2.41797e-005 1.61198e-005 0 0 8.0599e-006 8.0599e-006 8.0599e-006 0 0 0 0 0 0 8.0599e-006 
1 25 25
0.00116523 0.00310728 0.00621456 0.00714674 0.0108755 0.0154587 0.0207411 0.0261788 0.0396955 0.0507263 0.0887128 0.149149 0.108366 0.109065 0.259458 0.0479298 0.0325487 0.0118853 0.00536006 0.00403946 0.00147596 0.000466092 0.000233046 0 0 
0.00418309 0.0067139 0.013992 0.0171353 0.0351653 0.0239701 0.0266219 0.0337146 0.046554 0.072386 0.0767303 0.100628 0.100974 0.104722 0.168057 0.0719588 0.0509144 0.0262592 0.0110098 0.00536789 0.00170064 0.000733451 0.000322396 0.000153138 3.22396e-005 
1.06066 4.59619 100
0.000155364 0 0 7.7682e-005 0 0 0 7.7682e-005 0.000155364 0.00038841 0.000466092 0.000155364 0.00132059 0.000233046 0.000699138 0.000155364 0.00178669 0.00528237 0.00520469 0.0030296 0.0069137 0.00365105 0.00411714 0.00271887 0.00901111 0.0115746 0.00365105 0.00769052 0.0114192 0.0077682 0.00621456 0.0103317 0.107823 0.010254 0.00994329 0.025402 0.0133613 0.020508 0.0186437 0.0103317 0.0241591 0.0226831 0.0146819 0.016857 0.0149149 0.0125845 0.0124291 0.00838965 0.0101763 0.0167016 0.00598151 0.0403946 0.00994329 0.00784588 0.00605919 0.00854502 0.00613688 0.0144488 0.0141381 0.00699138 0.00885574 0.0111862 0.00870038 0.0103317 0.0138274 0.0128952 0.0243921 0.0139051 0.0139051 0.0309951 0.0250136 0.127865 0.00901111 0.00660297 0.0205857 0.020275 0.00582615 0.00233046 0.0114192 0.00326264 0.00108755 0.0160025 0.000310728 0.00271887 0.00271887 0.000310728 7.7682e-005 0.000155364 0 0.000466092 7.7682e-005 0 0 0 7.7682e-005 7.7682e-005 0 7.7682e-005 0 7.7682e-005 
4.02995e-005 0 0 0.000322396 0 3.22396e-005 8.0599e-005 4.83594e-005 8.0599e-006 0.000483594 0.000201498 0.000193438 0.000394935 0.000153138 0.000564193 0.000346576 0.00128152 0.00141854 0.000999428 0.001749 0.00402189 0.0012654 0.00268395 0.00286126 0.00534371 0.00623836 0.00384457 0.0048843 0.00640762 0.00926083 0.00677838 0.0108083 0.0427578 0.00989756 0.0110824 0.0181428 0.0118561 0.0178849 0.0192954 0.0166115 0.0350606 0.020319 0.0248406 0.018433 0.0218423 0.0223259 0.021262 0.0217053 0.0173046 0.106326 0.0167082 0.0365839 0.022874 0.0255257 0.0211653 0.0195291 0.018296 0.0227209 0.0196742 0.033908 0.0143466 0.0128314 0.0132666 0.0111388 0.0136132 0.0126299 0.0129039 0.00859185 0.0100991 0.0176431 0.00904321 0.0444665 0.00565805 0.00510998 0.00803572 0.0082211 0.00353024 0.00465056 0.00269201 0.00282903 0.00137824 0.00352218 0.000435235 0.000225677 0.00436847 0.000612552 6.44792e-005 0.000241797 8.0599e-006 0.00083017 4.83594e-005 8.0599e-006 5.64193e-005 8.0599e-006 2.41797e-005 0.000209557 0 8.0599e-006 0 0 
1.58114 4.74342 100
0.000155364 0 0 0 0.000310728 0 0.000310728 0.00077682 0 0.000699138 0 0.000233046 0.000233046 0.00077682 7.7682e-005 0.000621456 0.00155364 0.000155364 0.000310728 0.00139828 0.0055931 0.00605919 0.00132059 0.0064476 0.00132059 0.00543774 0.00209741 0.0111862 0.00520469 0.00792356 0.00683601 0.00497165 0.0118077 0.00963256 0.00512701 0.0104094 0.00807892 0.102618 0.0162355 0.0216733 0.0218286 0.0171677 0.0106424 0.0309174 0.0114969 0.0165463 0.00893343 0.0125068 0.0145265 0.00854502 0.0147596 0.0077682 0.0133613 0.0101763 0.00916647 0.0118853 0.0408607 0.00986561 0.0147596 0.00543774 0.00605919 0.0109532 0.00629224 0.0163909 0.00963256 0.00737979 0.0166239 0.013439 0.00815661 0.0200419 0.0394624 0.0181776 0.0094772 0.032005 0.141692 0.00605919 0.0114192 0.0321603 0.00419483 0.00287423 0.00380642 0.0106424 0.00403946 0.0137497 0.00225278 0.00233046 0.000854502 0 0.000310728 0.000233046 0.000155364 7.7682e-005 0 7.7682e-005 0 0 7.7682e-005 7.7682e-005 0 7.7682e-005 
4.02995e-005 1.61198e-005 3.22396e-005 2.41797e-005 0.000378815 8.0599e-006 0.000298216 0.000217617 0 0.000435235 4.83594e-005 0.000161198 0.000112839 0.000491654 0.000193438 0.000386875 0.000515834 0.000451354 0.000427175 0.00080599 0.00224871 0.0019102 0.000878529 0.00328038 0.000749571 0.00681868 0.00145078 0.00474728 0.00395741 0.00486012 0.0062706 0.00564193 0.00676226 0.00582731 0.00841454 0.0068348 0.013186 0.0384215 0.0110421 0.0244376 0.0137905 0.0233576 0.0181912 0.0232609 0.0150881 0.0168774 0.0250985 0.0133794 0.0247036 0.035923 0.0187554 0.0218746 0.0475857 0.0220035 0.0221567 0.0241313 0.0587889 0.028524 0.0301682 0.0207945 0.0195614 0.039429 0.0184652 0.0183202 0.0215522 0.0167082 0.0180864 0.0140968 0.00934143 0.0173852 0.0195856 0.00880141 0.00589179 0.0125493 0.0426046 0.00438459 0.0083017 0.00929307 0.00506162 0.00383651 0.0031756 0.00382845 0.00153138 0.00424757 0.00141048 0.00083017 0.00294186 0.000249857 0.000394935 8.0599e-005 0.000483594 6.44792e-005 8.0599e-006 2.41797e-005 1.61198e-005 2.41797e-005 0.000193438 0 0 0 
