0.0811478 0.918852
0 9.99998 100
0.000142126 0.000994883 0.000852757 0.0027004 0.00476123 0.0103042 0.00511654 0.00810119 0.0106595 0.0111569 0.00980671 0.011299 0.0144258 0.0139994 0.0156339 0.0139284 0.0147101 0.0158471 0.0176947 0.0181922 0.0190449 0.0159892 0.0162024 0.0173394 0.0161313 0.0174815 0.0182632 0.0173394 0.0139994 0.0159181 0.0121518 0.0137152 0.0154918 0.012436 0.0129335 0.012436 0.0119386 0.0154207 0.0121518 0.0115833 0.0103042 0.0117254 0.0108727 0.0136441 0.0128624 0.0130756 0.0125071 0.0120097 0.0109437 0.010091 0.010091 0.0122939 0.00994883 0.0120097 0.0110858 0.0104463 0.010091 0.0092382 0.00831438 0.0105173 0.00952246 0.00881182 0.00902501 0.0104463 0.00810119 0.00859864 0.00859864 0.00774588 0.00817226 0.00689312 0.00824332 0.00703525 0.00810119 0.00824332 0.00660887 0.0073195 0.00689312 0.00717737 0.00660887 0.00717737 0.00781694 0.00781694 0.00625355 0.00625355 0.00653781 0.00582717 0.00604036 0.0073195 0.00625355 0.00604036 0.00710631 0.00568505 0.0073195 0.00653781 0.00660887 0.00497442 0.00575611 0.00589824 0.00426379 0 
0.0368206 0.0385151 0.0352454 0.0392243 0.041446 0.0416468 0.0411008 0.0385402 0.0353897 0.0310217 0.0292833 0.0270428 0.0257876 0.0241684 0.021928 0.0200075 0.0200766 0.0180369 0.0176666 0.0162043 0.0151688 0.0147546 0.0139513 0.0136814 0.0115288 0.0125769 0.0114284 0.0110581 0.0108385 0.00999749 0.00868583 0.0095268 0.00913769 0.00808962 0.00768796 0.00729258 0.00773189 0.00726748 0.00662734 0.00670892 0.0058052 0.00609389 0.00560437 0.00567968 0.00574244 0.00617547 0.00521526 0.00498306 0.00517761 0.00450609 0.00466926 0.00449981 0.00506464 0.0047383 0.00438685 0.00412953 0.00443705 0.00370905 0.00362119 0.00435547 0.00350195 0.00358353 0.00358981 0.00359608 0.00327601 0.00328857 0.00291201 0.00250408 0.00273629 0.00293712 0.00300615 0.00298732 0.00285553 0.00277394 0.00244132 0.00257311 0.00261077 0.00254801 0.00246642 0.00290574 0.00232208 0.00224049 0.00253546 0.00214008 0.00198946 0.00232208 0.00205222 0.00202711 0.00227815 0.00219028 0.00203339 0.00201456 0.00212125 0.00187649 0.00170704 0.00187021 0.00180746 0.00193297 0.0019518 6.27589e-006 
0.00238855 3.7714 100
0 0 0.00604036 0.0193292 0.0272882 0.045054 0.0622513 0.0751137 0.0940165 0.0936612 0.0884736 0.0689312 0.0678653 0.0588403 0.0502416 0.0471859 0.0324758 0.0285674 0.0294201 0.0240904 0.0149943 0.0160603 0.0154918 0.00945139 0.0073195 0.00589824 0.0046191 0.00248721 0.00206083 0.000568505 0.000568505 0.000639568 0.000426379 0.000355316 0 0 0 0 7.10631e-005 0.000142126 0 0 0 0 0 0 0 0 0 0 0 0 0 0 0 0 0 0 0 0 0 0 0 0 0 0 0 0 0 0 0 0 0 0 0 0 0 0 0 0 0 0 0 0 0 0 0 0 0 0 0 0 0 0 0 0 0 0 0 0 
5.6483e-005 1.25518e-005 0.00153759 0.00627589 0.0105247 0.0214698 0.0297414 0.0375926 0.0460901 0.0487197 0.0454123 0.0416405 0.0429271 0.042538 0.0395883 0.0368206 0.0351261 0.0351261 0.0320196 0.0311096 0.0296034 0.0278461 0.0254299 0.0244509 0.0220472 0.0211246 0.0192481 0.0182126 0.0168194 0.0152316 0.0158341 0.0144785 0.0137191 0.014171 0.012125 0.0111523 0.0102862 0.00938245 0.00867955 0.008485 0.00803941 0.00688465 0.00605623 0.00648927 0.00531568 0.00404167 0.00365884 0.00364629 0.00304381 0.00269236 0.00293084 0.00274884 0.00260449 0.0019769 0.00157525 0.00155642 0.00131166 0.00121752 0.00134304 0.00114221 0.000966487 0.00091628 0.000828417 0.000502071 0.000539726 0.000546002 0.000464416 0.000445588 0.000445588 0.000389105 0.000313794 0.000175725 0.000175725 0.000188277 0.000112966 0.000200828 0.000200828 0.000131794 0.000269863 0.000257311 0.00021338 0.000163173 3.76553e-005 3.76553e-005 8.15865e-005 4.39312e-005 2.51036e-005 9.41383e-005 1.88277e-005 7.53107e-005 6.27589e-006 1.88277e-005 1.25518e-005 0 5.6483e-005 3.13794e-005 1.25518e-005 4.39312e-005 1.88277e-005 6.27589e-006 
-3 2.28783 100
0 0 7.10631e-005 0 0 0 0 0 0 0 0 0 0 0 0 0 7.10631e-005 0 0 0 0 0 0 0 0 0 0 0 0 0 0 0 0.000213189 0 0.000213189 7.10631e-005 0.000213189 0.0027004 0.00412166 0.00433485 0.0054008 0.0131467 0.0385873 0.0309125 0.0210347 0.0265776 0.0809409 0.117112 0.0536526 0.0655912 0.0424247 0.0162024 0.0121518 0.00753269 0.00255827 0.000426379 0.000426379 0.000852757 0.0046191 0.00724844 0.0200398 0.0346788 0.0481097 0.0342524 0.0217453 0.0407902 0.0724133 0.0875497 0.0463331 0.0121518 0.00618249 0.00262933 0.00561399 0.00298465 0.00412166 0.000852757 0 7.10631e-005 0 7.10631e-005 0 0 0 0 0 0 0 0 0 0 0 0 0 0 0 0 0 0 0 0 
3.76553e-005 6.27589e-006 0 6.27589e-006 6.27589e-006 0 1.25518e-005 0 0 0 0 6.27589e-006 0 0 1.25518e-005 6.27589e-006 6.27589e-006 1.25518e-005 1.88277e-005 1.25518e-005 2.51036e-005 0 2.51036e-005 2.51036e-005 1.25518e-005 1.25518e-005 2.51036e-005 1.88277e-005 2.51036e-005 5.6483e-005 3.76553e-005 0.000131794 0.00021338 0.000257311 0.000715451 0.00141207 0.0032007 0.0121752 0.00722355 0.00482616 0.00491402 0.00555416 0.00909376 0.0080959 0.00729886 0.0139764 0.032051 0.0387222 0.0527363 0.0457073 0.0386344 0.0448726 0.0501506 0.0488076 0.0436362 0.039331 0.0337706 0.0332371 0.0402535 0.0472198 0.0493285 0.0495293 0.0462658 0.0485565 0.037988 0.0228631 0.0154512 0.010964 0.00768796 0.00500816 0.00570478 0.00497678 0.0047885 0.00515878 0.00945149 0.00345801 0.00185766 0.000953935 0.000439312 0.000345174 0.000163173 0.00010669 8.78624e-005 6.27589e-005 6.27589e-005 1.88277e-005 3.76553e-005 1.25518e-005 6.27589e-006 1.25518e-005 1.25518e-005 0 6.27589e-006 0 0 0 0 0 0 6.27589e-006 
1 25 25
0.00532973 0.00604036 0.0104463 0.0161313 0.0272882 0.0287095 0.0280699 0.0375213 0.0525867 0.0970011 0.10695 0.108584 0.0919557 0.111924 0.104889 0.0599062 0.0398664 0.0373792 0.016842 0.00803013 0.00220296 0.00142126 0.000426379 0.000497442 0 
0.00535961 0.00601858 0.00768169 0.00989708 0.0155014 0.0143341 0.0165244 0.0219782 0.0439563 0.0920108 0.0777771 0.0958454 0.0872411 0.0891051 0.107588 0.0773943 0.0580582 0.0583846 0.047747 0.0345801 0.0205975 0.00872976 0.00246642 0.000953935 0.000269863 
1.16619 4.59619 100
0 0.000284252 0.000142126 0 0 0.000213189 0 0.00092382 0.000426379 0.00213189 0.000639568 0 0.000781694 0.000284252 0.0115122 0.00170551 0.00611143 0.00433485 0.00305571 0.00639568 0.00859864 0.00710631 0.0111569 0.00710631 0.00504548 0.0159181 0.0139994 0.0133599 0.0086697 0.0229534 0.0318363 0.00831438 0.0122939 0.0165577 0.0186185 0.0147811 0.02139 0.0175526 0.0280699 0.0147101 0.0244457 0.0147101 0.0205372 0.0238061 0.0165577 0.0206083 0.0154207 0.0310546 0.0211057 0.0317652 0.0145679 0.0239483 0.036029 0.0132177 0.0134309 0.0144258 0.0122939 0.0156339 0.0309835 0.00682206 0.00966458 0.0184764 0.00859864 0.0086697 0.00952246 0.0100199 0.00987777 0.0192581 0.0227402 0.0110148 0.0163445 0.0221717 0.012365 0.00966458 0.0092382 0.0162024 0.00696418 0.0181211 0.00156339 0.00667993 0.00106595 0.00845651 0.00120807 0.00127914 0.000142126 0.000142126 0.000355316 0 0.000781694 0.000639568 0 0 0.000142126 0.000142126 0 7.10631e-005 0 7.10631e-005 0 0 
1.25518e-005 8.15865e-005 6.90348e-005 1.88277e-005 1.88277e-005 5.6483e-005 6.27589e-006 0.000684072 0.000125518 0.000257311 0.000376553 8.78624e-005 0.000269863 0.000445588 0.00177608 0.000702899 0.00115476 0.00378436 0.0017447 0.00248525 0.00515878 0.00522154 0.00716079 0.00394126 0.00410443 0.00785741 0.0102234 0.00724865 0.00695368 0.0124514 0.0240555 0.00963349 0.0123635 0.0117108 0.014899 0.0150872 0.0168131 0.0139639 0.0493222 0.0163612 0.0254989 0.0165432 0.0230262 0.0233651 0.0208799 0.0252667 0.0201142 0.0496046 0.0378938 0.0317309 0.0248651 0.0218464 0.0267792 0.0204971 0.0189406 0.0201519 0.0169826 0.0180746 0.0520522 0.013581 0.0120685 0.0199636 0.0149805 0.010738 0.0199134 0.0129158 0.0103238 0.0128467 0.0164554 0.0113656 0.0202523 0.00942638 0.00618175 0.00879252 0.00799548 0.00578009 0.00397264 0.00714196 0.00102297 0.00318188 0.00067152 0.00358353 0.000953935 0.000740555 0.000251036 0.000301243 0.000225932 3.13794e-005 0.000646416 0.000357726 0 1.25518e-005 9.41383e-005 0.000188277 1.25518e-005 0.000188277 1.88277e-005 0 0 1.88277e-005 
1.65831 4.74342 100
0.000142126 0 0.000497442 0 0.000355316 0.000568505 0.000426379 7.10631e-005 0.000639568 0 0.00255827 0 0.000994883 0.00092382 0.00120807 7.10631e-005 0.000284252 0.00206083 0.00938033 0.0013502 0.00348209 0.00277146 0.00525867 0.00511654 0.00241615 0.00746163 0.007888 0.0108727 0.0139284 0.011299 0.00966458 0.0109437 0.0131467 0.0111569 0.0136441 0.0228823 0.0130756 0.0194002 0.0373081 0.0125782 0.0230955 0.0226691 0.0206083 0.0174105 0.022527 0.0149943 0.0160603 0.0184764 0.0171262 0.0125071 0.0160603 0.0250142 0.013502 0.013502 0.0203951 0.0392268 0.0274304 0.0413587 0.00959352 0.0109437 0.0363843 0.0198266 0.0122229 0.0164156 0.0103042 0.0223849 0.0127203 0.0073195 0.0172683 0.0132888 0.0115122 0.0086697 0.0145679 0.0107305 0.0140705 0.0105173 0.0257248 0.00532973 0.0243036 0.00312678 0.025867 0.00369528 0.00348209 0.00824332 0.000852757 0.000639568 0 0.00127914 0.000284252 7.10631e-005 0.000284252 0 0.000142126 0 0 0 7.10631e-005 7.10631e-005 0 0 
9.41383e-005 6.27589e-006 0.000131794 4.39312e-005 0.000163173 0.000288691 0.000144345 0.000169449 0.000263587 6.90348e-005 0.00056483 0 0.000269863 0.000508347 0.000985314 5.02071e-005 0.000476967 0.000979039 0.0013807 0.000433036 0.00108573 0.00329484 0.00173842 0.00220284 0.00267353 0.00379064 0.00255429 0.00493912 0.00767541 0.00710431 0.0066901 0.00776955 0.0115727 0.00660851 0.0078072 0.0223924 0.0104368 0.0185076 0.0180808 0.0103803 0.0312225 0.0157211 0.0182566 0.0197565 0.0221853 0.0222543 0.015263 0.0238044 0.0189281 0.0154387 0.0231894 0.0254927 0.0196373 0.0211058 0.0326911 0.052435 0.0296473 0.035214 0.0196812 0.0208234 0.0431405 0.0218777 0.0246768 0.0245387 0.0198569 0.0256621 0.0150308 0.0163424 0.0227375 0.0132923 0.0157964 0.011328 0.0119932 0.0227689 0.00743693 0.00910004 0.00850383 0.00701017 0.00952052 0.00252291 0.00933852 0.0021338 0.00128656 0.00357098 0.000633865 0.00067152 0.000294967 0.000728003 0.00021338 0.000125518 0.000282415 3.13794e-005 0.000238484 0 1.25518e-005 5.6483e-005 0.000150621 0 0 1.88277e-005 
