0.103798 0.896202
0.00207892 10 100
0.000364511 0.00191733 0.00366698 0.00337537 0.00309105 0.00287964 0.00299628 0.00347744 0.00377634 0.00441788 0.00448349 0.00481884 0.00523438 0.00549683 0.00580302 0.00616024 0.00647372 0.00672888 0.00688926 0.00709339 0.00785157 0.0078297 0.00759641 0.00819421 0.00852956 0.00871182 0.00848582 0.00892323 0.00901072 0.00960851 0.00982722 0.0102719 0.0098418 0.0101772 0.0100459 0.0101553 0.0107166 0.0105854 0.0113582 0.0113873 0.0110009 0.0118029 0.0113363 0.0109937 0.0117081 0.0119997 0.0118976 0.0115769 0.0116206 0.012058 0.0123423 0.0119268 0.011606 0.0120362 0.0124736 0.012685 0.0121236 0.0125319 0.0127652 0.0124298 0.0126631 0.0129766 0.0126121 0.0126048 0.0122403 0.01251 0.0127943 0.0126558 0.0126558 0.0125975 0.0121674 0.0124371 0.0119195 0.0120434 0.0128308 0.0125246 0.0128089 0.0125027 0.012736 0.0120434 0.0120799 0.0126996 0.0124882 0.0121382 0.0123569 0.0126121 0.0121747 0.0122184 0.0119924 0.0127142 0.0115696 0.0122986 0.012408 0.0116716 0.0121601 0.0126121 0.0121236 0.0121091 0.0120799 0 
0.00353446 0.0102808 0.0127413 0.0140619 0.0149079 0.0155825 0.0157083 0.0158958 0.0161609 0.0163509 0.0161086 0.0159118 0.0159929 0.0158637 0.015542 0.015439 0.0153081 0.0151933 0.0150168 0.014891 0.0145271 0.0144072 0.0142206 0.0141708 0.0139892 0.0135763 0.0135156 0.0131955 0.0130799 0.0130377 0.0127134 0.0124702 0.012195 0.0121122 0.0118598 0.0116774 0.0114629 0.0111024 0.0113844 0.0110213 0.0108305 0.0106718 0.0105215 0.0102209 0.010226 0.0100014 0.00990004 0.00977845 0.00962478 0.00948208 0.00933263 0.00947364 0.00927184 0.00900671 0.00899742 0.0088733 0.00856427 0.00847224 0.00848575 0.00835656 0.00822484 0.0081345 0.00795465 0.0078947 0.00779929 0.00783222 0.00769121 0.00760002 0.00747843 0.00749785 0.0073864 0.00734165 0.00714154 0.00725806 0.00701573 0.00694987 0.00705541 0.00672105 0.00670416 0.00672189 0.00656907 0.00662226 0.0064897 0.006385 0.00630732 0.00626679 0.00632589 0.00622204 0.00604726 0.00596451 0.00596704 0.00585559 0.00591807 0.00578382 0.00579902 0.00578551 0.00568841 0.0057188 0.00557695 8.44353e-007 
0.031261 3.16564 100
2.18707e-005 0.00280674 0.0229642 0.0461325 0.0663265 0.0817234 0.0923526 0.091762 0.0880878 0.0781877 0.0658526 0.055012 0.0450244 0.0365386 0.0293577 0.0240432 0.020121 0.0167675 0.0141285 0.0127798 0.0107166 0.00987096 0.00937523 0.00813589 0.00699132 0.00696945 0.00648101 0.00562076 0.00517606 0.00479697 0.00435955 0.00398046 0.00349202 0.00344099 0.00271925 0.00252242 0.00205584 0.0018663 0.00166217 0.00137056 0.00124663 0.00112998 0.000947729 0.000787344 0.000736313 0.000422833 0.000488445 0.000364511 0.000225997 0.000247868 0.000240577 0.000160385 0.000123934 0.000167675 0.000174965 0.000109353 0.000131224 8.01925e-005 0.000123934 0.000123934 9.47729e-005 4.37413e-005 5.83218e-005 4.37413e-005 2.18707e-005 3.64511e-005 1.45804e-005 7.29022e-006 1.45804e-005 2.91609e-005 7.29022e-006 0 0 0 0 0 0 0 0 0 0 0 0 0 0 0 0 0 0 0 0 0 0 0 0 0 0 0 0 0 
1.09766e-005 0.00113988 0.0160528 0.040252 0.0633189 0.0781288 0.0844302 0.0818609 0.0760677 0.0678868 0.0603999 0.0528514 0.0461641 0.040317 0.034773 0.0299999 0.0256405 0.0218417 0.0189287 0.0165949 0.0144241 0.0129355 0.0114249 0.00997856 0.0088809 0.00799433 0.00714069 0.0065944 0.00579986 0.00517419 0.00464901 0.00409764 0.00372951 0.00330226 0.00307176 0.00273148 0.00271459 0.00237432 0.00220038 0.00204502 0.00180692 0.00170559 0.00153503 0.00143709 0.00134843 0.00122262 0.00117027 0.00107233 0.000976916 0.000927944 0.000860396 0.000819022 0.00073121 0.000672949 0.000601179 0.000542919 0.000532787 0.00043062 0.000395157 0.000356317 0.000309033 0.000314944 0.000265127 0.000262594 0.000232197 0.00019589 0.00015705 0.00015705 0.000142696 0.000131719 9.71006e-005 8.27466e-005 8.69683e-005 6.33265e-005 7.00813e-005 7.93692e-005 4.72838e-005 3.29298e-005 2.95523e-005 2.44862e-005 2.44862e-005 2.19532e-005 2.19532e-005 1.77314e-005 1.01322e-005 1.01322e-005 8.44353e-006 5.06612e-006 6.75482e-006 3.37741e-006 2.53306e-006 4.22176e-006 2.53306e-006 3.37741e-006 1.68871e-006 8.44353e-007 8.44353e-007 0 1.68871e-006 8.44353e-007 
-5.10548 3.53264 100
0 0 0 0 0 0 0 0 0 0 0 0 0 0 0 0 0 0 0 0 0 0 0 0 0 0 7.29022e-006 7.29022e-006 7.29022e-006 0 5.83218e-005 8.74827e-005 0.000116644 0.000116644 0.000123934 0.000284319 0.000291609 0.000444704 0.000561347 0.000597798 0.000729022 0.00104979 0.00125392 0.00182985 0.00245681 0.00368885 0.00586863 0.0147481 0.0163738 0.0239557 0.0342641 0.0489539 0.0663702 0.0814537 0.0907195 0.0820369 0.0483123 0.014595 0.00321499 0.0140337 0.0415616 0.0708391 0.0765328 0.068776 0.057775 0.0418313 0.0282205 0.0189036 0.0131151 0.0106656 0.00424291 0.0026099 0.00185172 0.0014143 0.000845666 0.000568637 0.000371801 0.000167675 0.000225997 0.000269738 0.000153095 0.000138514 6.5612e-005 8.01925e-005 5.83218e-005 3.64511e-005 2.18707e-005 2.18707e-005 0 0 0 0 7.29022e-006 0 0 7.29022e-006 0 0 0 7.29022e-006 
8.44353e-007 0 0 0 0 8.44353e-007 0 0 0 0 0 0 8.44353e-007 0 2.53306e-006 2.53306e-006 3.37741e-006 3.37741e-006 1.68871e-006 4.22176e-006 1.09766e-005 6.75482e-006 1.51984e-005 1.09766e-005 9.28788e-006 1.77314e-005 2.36419e-005 2.02645e-005 2.95523e-005 3.88402e-005 4.39063e-005 4.22176e-005 4.22176e-005 6.07934e-005 6.50152e-005 8.44353e-005 0.000103011 0.000116521 0.000150295 0.000179003 0.000266815 0.000341119 0.000454262 0.000630732 0.000859551 0.00109513 0.00156374 0.00326258 0.00389331 0.00512522 0.00714745 0.0109496 0.0174055 0.0271958 0.0437003 0.0703304 0.102806 0.130926 0.140741 0.131361 0.105145 0.0723138 0.0454414 0.0278704 0.0168938 0.010074 0.00644663 0.00436699 0.00330142 0.00294426 0.00123782 0.000832532 0.000624821 0.000421332 0.000286236 0.000199267 0.00013003 8.95014e-005 6.92369e-005 2.27975e-005 2.61749e-005 1.68871e-005 1.35096e-005 9.28788e-006 1.26653e-005 1.60427e-005 1.51984e-005 1.18209e-005 6.75482e-006 5.06612e-006 5.06612e-006 2.53306e-006 1.68871e-006 0 0 0 0 0 0 0 
1 25 25
0.0544215 0.0657068 0.0740687 0.0766348 0.0741707 0.0672377 0.0605453 0.0540935 0.0509076 0.0525552 0.0497704 0.047627 0.0481811 0.0463148 0.0460742 0.0330976 0.0260553 0.0215499 0.0169352 0.0149304 0.00826711 0.00503754 0.00307647 0.00157469 0.00116644 
0.0449871 0.0561284 0.0617501 0.0626932 0.0649637 0.0604565 0.0576271 0.0552713 0.0539871 0.0567692 0.0521996 0.0510074 0.0496083 0.0467468 0.0472677 0.0378034 0.0316869 0.0261023 0.0213849 0.0204756 0.0127497 0.00970161 0.00735938 0.00577706 0.00549589 
1.06066 4.59619 100
0.000153095 3.64511e-005 0.000138514 0.00121747 2.91609e-005 0.000400962 0.000189546 0.000532186 8.01925e-005 0.00359408 0.000590508 0.000503025 0.000714442 0.000481155 0.000794634 0.00147263 0.00341911 0.00177152 0.00152366 0.00234016 0.00976161 0.00252971 0.00169133 0.00466574 0.00809215 0.00586134 0.00624043 0.00620398 0.00658307 0.0152876 0.0137129 0.0088722 0.0273238 0.010928 0.0149377 0.015171 0.0162499 0.0175111 0.0157833 0.0161551 0.0318218 0.0177517 0.0190639 0.0222425 0.0211635 0.0278705 0.0200846 0.018889 0.0180214 0.0866662 0.0241161 0.0274696 0.019115 0.0191952 0.0212146 0.0183787 0.021477 0.0160822 0.0260115 0.0308814 0.0130349 0.01286 0.0173945 0.0141722 0.0184297 0.0134723 0.0137421 0.0123788 0.00744332 0.0173507 0.00971058 0.0230152 0.00551141 0.00774222 0.00788073 0.00719545 0.00546038 0.00436684 0.00377634 0.0107093 0.00295254 0.00199023 0.00331705 0.00145804 0.00232558 0.00199023 0.000925858 0.000503025 0.000123934 0.00475323 0.000357221 0.000182256 0.000189546 0.00031348 0.00064154 0.00097689 0 0.000174965 0 0.000116644 
9.79449e-005 4.64394e-005 5.82603e-005 0.000821555 1.35096e-005 0.000279481 0.000145229 0.000403601 6.16378e-005 0.00291893 0.000547141 0.000335208 0.000657751 0.000384181 0.000631576 0.00121334 0.00259976 0.0013383 0.001264 0.00176723 0.00732476 0.00196565 0.00158316 0.00406387 0.0061908 0.00416688 0.00489978 0.00536248 0.00539879 0.0119147 0.0109318 0.0080813 0.0202265 0.0108525 0.0135763 0.0127084 0.0149037 0.0168659 0.0153216 0.0159743 0.0331712 0.0197764 0.0197182 0.023571 0.0217159 0.0276433 0.0231386 0.0229613 0.020061 0.0906311 0.0261378 0.0300547 0.0221516 0.0216534 0.0230542 0.0222749 0.0228752 0.0178505 0.0251127 0.0366356 0.0148995 0.0138592 0.0186982 0.0148184 0.0186602 0.0134446 0.0143743 0.0118243 0.00732898 0.0176216 0.00885135 0.0198946 0.00581506 0.00729943 0.00729268 0.00633011 0.00503741 0.00386714 0.00294004 0.0091055 0.00259976 0.00191837 0.00299914 0.0013763 0.00190148 0.00145735 0.000882349 0.000412044 9.20345e-005 0.00411538 0.000229664 0.000148606 0.000139318 0.000163804 0.000513367 0.000801291 0 9.87893e-005 0 0.000101322 
1.54919 4.74342 100
0.000189546 0 0.000102063 0.000451994 9.47729e-005 0.00133411 7.29022e-005 0.000831086 0.000809215 0.000750893 0.000357221 0.00136327 0.000947729 0.00409711 2.91609e-005 0.00120289 0.00274112 0.00597798 0.00320041 0.00172778 0.000896698 0.00519793 0.00174236 0.00174236 0.00403878 0.00739958 0.00347744 0.0111249 0.00234016 0.00696216 0.00385653 0.0184807 0.00961581 0.0124663 0.0052927 0.0126777 0.0111103 0.0170664 0.0122549 0.0672961 0.0130422 0.015273 0.0207626 0.0195451 0.0258438 0.0105635 0.0159146 0.0175913 0.0188161 0.0278487 0.0121309 0.0189765 0.0276591 0.0212073 0.0202304 0.0219071 0.0209084 0.0249034 0.0219654 0.0271051 0.0221696 0.0278487 0.0255814 0.0226216 0.0199825 0.0190348 0.0228257 0.0234964 0.0125465 0.0122622 0.0164686 0.0120799 0.0143107 0.0124954 0.0178829 0.00874827 0.00601443 0.0137494 0.00650288 0.00565721 0.00433039 0.00645914 0.00508129 0.00204126 0.00226726 0.00201939 0.00125392 0.00169133 0.00187359 0.00129037 0.00266822 0.000597798 0.000495735 0.000298899 0.000510316 0.000116644 0.00099147 0.000102063 0 0.000116644 
0.000144384 0 5.06612e-005 0.000281169 6.41708e-005 0.000960874 2.27975e-005 0.000629887 0.00064593 0.000532787 0.000326765 0.00100056 0.000742186 0.00327524 2.61749e-005 0.000878971 0.00196819 0.00469882 0.00236925 0.00142949 0.000793692 0.00437121 0.00128257 0.00149704 0.00297634 0.00560904 0.00284209 0.00827888 0.00191415 0.00542243 0.0028936 0.0144283 0.00734587 0.00982489 0.00462452 0.0107359 0.00943311 0.0138896 0.011224 0.0567549 0.012282 0.0141243 0.0200221 0.0192208 0.0266444 0.0123748 0.0166498 0.0203725 0.0193306 0.0330412 0.0144528 0.0222707 0.0300885 0.026126 0.0246526 0.0242236 0.0240353 0.0287755 0.0255223 0.034095 0.0241054 0.0286827 0.0265051 0.0262763 0.0203489 0.0220477 0.0225012 0.0234713 0.0137478 0.0121815 0.0160528 0.011886 0.0134286 0.0121308 0.015846 0.00877705 0.00599913 0.0118277 0.00598899 0.00531605 0.00375821 0.00527045 0.0040301 0.00204671 0.00204502 0.00154601 0.00104446 0.0014278 0.00147846 0.000821555 0.00251026 0.000446663 0.000321698 0.000287924 0.000330142 5.65716e-005 0.00080889 5.15055e-005 0 0.000101322 
